标题,地址,户型,面积,朝向,装修情况,层数,建造时间,楼型,总价,每平米单价,关注人数,带看次数,发布时间,标签,详情链接
厚街海逸豪庭尚都毛坯三房 低楼层光线好93平 售145万,"海逸豪庭尚都2区 , 厚街镇",3室2厅,92.96平米,北,,低楼层(共21层) ,,塔楼,110 万,11834 元,3,,,VR看装修 | 房本满两年 | 随时看房,https://dg.lianjia.com/ershoufang/105118126268.html
保利卓越中环广场复式房，业主诚心出售，看房方便,"保利卓越中环广场 , 寮步",2室2厅,32平米,南,精装,低楼层(共22层) ,,塔楼,36.9 万,11532 元,1,,,,https://dg.lianjia.com/ershoufang/105121517824.html
大运城邦八期 金地艺境三房诚心出售 价格可议,"大运城邦益田金地艺境花园 , 凤岗镇",3室2厅,96.91平米,南,,35层 ,,塔楼,165 万,17027 元,0,,,VR看装修 | 房本满五年,https://dg.lianjia.com/ershoufang/105117819127.html
东南朝向 满五唯一  双阳台南北对流 业主诚意出售,"富盈WO城 , 道滘镇",3室2厅,120.08平米,东南,精装,22层 ,,板塔结合,121 万,10077 元,0,,24天以前发布,VR看装修 | 房本满五年 | 随时看房,https://dg.lianjia.com/ershoufang/105122326674.html
常平8号广场一房一厅出售，理财收租绝绝子,"广裕中心商贸大楼 , 常平镇",1室1厅,44.82平米,东南,简装,27层 ,,板塔结合,17.5 万,3905 元,0,,,VR看装修 | 随时看房,https://dg.lianjia.com/ershoufang/105121842428.html
中心广场美女业主靓装修两房业主诚意出售,"中心广场 , 樟木头镇",2室2厅,59.08平米,南,精装,中楼层(共21层) ,,塔楼,29.8 万,5045 元,1,,,VR看装修 | 房本满两年 | 随时看房,https://dg.lianjia.com/ershoufang/105120143645.html
三楼朝南两房 中间楼层 居家方便 自住舒适,"丽都花园 , 常平镇",2室2厅,70平米,南,,中楼层(共7层) ,,,45 万,6429 元,0,,,VR房源 | 随时看房,https://dg.lianjia.com/ershoufang/105122137762.html
采光足，视野好，户型方正，业主带车位出售。,"碧桂园珑远紫宸府 , 石碣镇",3室2厅,124.27平米,南,精装,25层 ,,板塔结合,190 万,15290 元,0,,,VR看装修 | 房本满五年 | 随时看房,https://dg.lianjia.com/ershoufang/105113629791.html
长安城市花园精装3房，业主急售！,"长安城市花园 , 增田",3室2厅,123.93平米,南,简装,中楼层(共16层) ,,,170 万,13718 元,2,,,VR看装修 | 房本满五年,https://dg.lianjia.com/ershoufang/105111132071.html
新世纪星城 3房 高层南向 通风采光好,"新世纪星城(一二)期 , 温塘",3室2厅,102.01平米,南,,高楼层(共17层) ,,板塔结合,186 万,18234 元,0,,,VR房源 | 随时看房,https://dg.lianjia.com/ershoufang/105121828330.html
融创清溪壹号 精装一房一厅 急售,"融创清溪壹号 , 清溪镇",1室1厅,41平米,东南 东 南,精装,高楼层(共20层) ,,板塔结合,31 万,7561 元,1,,,房本满五年,https://dg.lianjia.com/ershoufang/105119842117.html
碧琴湾花园地铁口旁边中高楼层视野采光好,"钜隆碧琴湾 , 道滘镇",4室2厅,112.02平米,南,毛坯,20层 ,,板楼,145 万,12945 元,0,,18天以前发布,VR房源 | 房本满五年 | 随时看房,https://dg.lianjia.com/ershoufang/105122374853.html
霞晖花园高层电梯二房仅售37万 业主诚心出售,"霞晖花园 , 常平镇",2室2厅,77.88平米,南,简装,11层 ,,板塔结合,37 万,4751 元,0,,,VR房源 | 房本满两年,https://dg.lianjia.com/ershoufang/105112699308.html
御城花园 次新房 横厅大3房 业主计划1个月内售卖,"御城花园 , 塘厦镇",3室2厅,107平米,南,毛坯,31层 ,,板塔结合,149 万,13926 元,0,,15天以前发布,VR房源 | 随时看房,https://dg.lianjia.com/ershoufang/105122406540.html
翡翠山湖大社区大花园大三房二厅诚心出售128万,"翡翠山湖 , 凤岗镇",3室2厅,120.82平米,东,简装,11层 ,,塔楼,120 万,9933 元,2,,,VR看装修 | 房本满五年 | 随时看房,https://dg.lianjia.com/ershoufang/105121145941.html
宝翠花園 1室1厅 西南,"宝翠花園 , 横沥镇",1室1厅,53.89平米,西南,精装,中楼层(共4层) ,,板楼,32 万,5939 元,0,,,VR看装修 | 房本满五年,https://dg.lianjia.com/ershoufang/105120906757.html
单边位 大两房 南北对流  宜居家,"佳兆业中央豪门 , 石龙镇",2室2厅,88.3平米,东 南,精装,中楼层(共31层) ,,板塔结合,92 万,10420 元,0,,,VR看装修 | 房本满两年 | 随时看房,https://dg.lianjia.com/ershoufang/105122039628.html
碧桂园 朝南 自住4房 满五 唯一,"沙田碧桂园滨江豪园 , 沙田镇",4室2厅,114平米,南,精装,29层 ,,塔楼,158 万,13860 元,0,,,VR看装修 | 房本满五年,https://dg.lianjia.com/ershoufang/105121606426.html
大社区 商圈配套成熟 中高楼层3房 户型方正,"佳兆业中央豪门御府 , 石龙镇",3室1厅,88.17平米,东南,简装,高楼层(共32层) ,,板塔结合,98 万,11115 元,0,,,VR看装修 | 房本满五年 | 随时看房,https://dg.lianjia.com/ershoufang/105119141953.html
诚心急售 高楼层视野开阔 采光通透 随时看房不拖沓,"鸿荣源熙园山院 , 凤岗镇",3室2厅,93.62平米,南,毛坯,25层 ,,板塔结合,153 万,16343 元,1,,,VR看装修 | 随时看房,https://dg.lianjia.com/ershoufang/105122214809.html
国际公馆91平精致小三房拎包入住,"石排世纪城国际公馆 , 石排镇",3室2厅,91.35平米,北,精装,中楼层(共15层) ,,塔楼,100 万,10947 元,0,,,VR看装修 | 房本满五年 | 随时看房,https://dg.lianjia.com/ershoufang/105118346798.html
时代荟江景三房  家私电器齐全 拎包入住,"时代荟 , 茶山镇",3室2厅,101.79平米,南,精装,低楼层(共32层) ,,塔楼,138 万,13558 元,0,,16天以前发布,VR房源 | 房本满两年 | 随时看房,https://dg.lianjia.com/ershoufang/105122401675.html
翡翠东望新出高层东南向四房 保养好 方便看房,"万科首铸翡翠东望 , 鸿福路口",3室2厅,93.03平米,东南,精装,高楼层(共31层) ,,塔楼,249 万,26766 元,0,,,VR房源 | 房本满两年 | 随时看房,https://dg.lianjia.com/ershoufang/105121696125.html
虎门印象毛坯大三房 中间楼层  南北朝向 看房随时方便,"虎门印象 , 万达",3室2厅,114.77平米,南 北,,中楼层(共30层) ,,板塔结合,176 万,15336 元,0,,,VR看装修 | 房本满五年 | 随时看房,https://dg.lianjia.com/ershoufang/105119770034.html
华润公元九里高品质小区，业主诚心出售,"华润公元九里 , 企石镇",3室2厅,96.35平米,南,简装,中楼层(共29层) ,,塔楼,130 万,13493 元,1,,,VR看装修 | 房本满两年 | 随时看房,https://dg.lianjia.com/ershoufang/105118316806.html
东莞大岭山新世纪领居，优质房源，不容错过,"新世纪领居B区 , 大岭山镇",5室2厅,193.75平米,东南,,低楼层(共18层) ,,板塔结合,288 万,14865 元,0,,,VR房源 | 房本满五年,https://dg.lianjia.com/ershoufang/105122146357.html
金地湖山大境毛坯3房 业主诚心出售 高层景观好,"金地湖山大境 , 黄江镇",3室2厅,128.31平米,南,毛坯,25层 ,,板塔结合,150 万,11691 元,0,,,VR看装修 | 随时看房,https://dg.lianjia.com/ershoufang/105120722440.html
2021年次新毛坯 方正实用 不欠款产权清晰,"碧桂园·玫瑰臻园 , 常平镇",3室2厅,81.44平米,西南,,中楼层(共32层) ,,塔楼,98 万,12034 元,0,,17天以前发布,VR房源 | 房本满两年 | 随时看房,https://dg.lianjia.com/ershoufang/105122386217.html
凯景高楼层满五唯一精装修三房出售视野开阔采光好,"居益凯景左岸 , 中堂镇",3室1厅,88.24平米,东南,,高楼层(共23层) ,,塔楼,63 万,7140 元,0,,,VR看装修 | 房本满五年 | 随时看房,https://dg.lianjia.com/ershoufang/105121507037.html
天虹地铁口精装2房，满五唯一，高楼层 看房方便,"地标大厦 , 地标",2室1厅,87.61平米,南,精装,高楼层(共25层) ,,塔楼,116 万,13241 元,1,,,VR看装修 | 房本满五年 | 随时看房,https://dg.lianjia.com/ershoufang/105114956169.html
产权清晰，高楼层采光视野好，配套完善,"美好名流印象花园三期 , 凤岗镇",3室2厅,88.97平米,南,简装,29层 ,,板塔结合,125 万,14050 元,1,,,VR房源 | 房本满五年 | 随时看房,https://dg.lianjia.com/ershoufang/105121398058.html
南部湾高楼层全新未入住4房，诚售,"南部湾万科城 , 大宁",4室1厅,118.87平米,东南,简装,高楼层(共34层) ,,板塔结合,232 万,19518 元,1,,,VR房源 | 房本满五年 | 随时看房,https://dg.lianjia.com/ershoufang/105122005355.html
碧桂园  业主自住四房    装修好,"碧桂园松湖珑悦 , 寮步",4室2厅,124.35平米,东南,精装,中楼层(共23层) ,,塔楼,238 万,19140 元,0,,,VR看装修 | 房本满五年,https://dg.lianjia.com/ershoufang/105120900600.html
南部湾万科云城优质房源，诚意出售,"南部湾万科城 , 大宁",3室2厅,94.92平米,东 西,精装,低楼层(共18层) ,,塔楼,148.5 万,15645 元,1,,,VR看装修 | 房本满五年 | 随时看房,https://dg.lianjia.com/ershoufang/105119195501.html
春晓单间 采光好 高楼层 看黄旗山灯笼 国贸夜景,"光大景湖春晓 , 西平",1室0厅,35.04平米,北,精装,11层 ,,板楼,40 万,11416 元,3,,,VR看装修 | 房本满五年,https://dg.lianjia.com/ershoufang/105116003294.html
二区三房，东南看小区，楼层好，位置好,"南部湾万科城 , 大宁",3室2厅,94.5平米,东南,,34层 ,,塔楼,170 万,17990 元,0,,,VR看装修 | 房本满五年,https://dg.lianjia.com/ershoufang/105119243942.html
花小旁富雅花园电梯2房精装修 通风采光好,"富雅花园 , 花园新村",2室1厅,61.8平米,西南,,12层 ,,塔楼,68 万,11004 元,0,,18天以前发布,VR房源 | 房本满两年,https://dg.lianjia.com/ershoufang/105122370224.html
旗峰地铁口 万科精装1房 业主诚心急售 高层朝南采光好,"万科中心 , 黄旗山",1室1厅,31.31平米,东南,精装,中楼层(共28层) ,,板楼,25 万,7985 元,0,,,近地铁 | 房本满五年 | 随时看房,https://dg.lianjia.com/ershoufang/105121788841.html
全新装修 一房一厅户型 高楼层 地铁口 朝西南,"第一国际 , 东莞图书馆",1室1厅,75.24平米,西南,,中楼层(共28层) ,,塔楼,98 万,13025 元,0,,,VR看装修 | 房本满五年,https://dg.lianjia.com/ershoufang/105115942670.html
此房满五唯一税费低，楼层好业主急售，随时看房,"汇龙湾 , 宏远北",2室1厅,83.74平米,东南,简装,高楼层(共32层) ,,塔楼,108 万,12898 元,1,,,VR看装修 | 房本满五年 | 随时看房,https://dg.lianjia.com/ershoufang/105121913908.html
高层精装2房 业主诚意出售 看房方便,"龙城国际 , 石龙镇",2室2厅,90平米,北,精装,高楼层(共30层) ,,,70 万,7778 元,2,,,VR看装修 | 房本满五年 | 随时看房,https://dg.lianjia.com/ershoufang/105118356117.html
横沥碧桂园108平三房两位业主诚意出售有钥匙,"横沥碧桂园 , 横沥镇",3室2厅,107.59平米,南,简装,32层 ,,板塔结合,120 万,11154 元,2,,,VR看装修 | 房本满五年,https://dg.lianjia.com/ershoufang/105122084617.html
横沥城市家园飞机户型，三房两卫带车位出售,"城市家园 , 横沥镇",3室2厅,103.38平米,东南,,高楼层(共10层) ,,塔楼,82 万,7932 元,0,,,VR看装修 | 房本满两年 | 随时看房,https://dg.lianjia.com/ershoufang/105121769589.html
房子满五唯一，税费少，采光充足，楼层装修保养好。,"兴贸广场 , 凤岗镇",3室2厅,117平米,东南,简装,9层 ,,板塔结合,85 万,7265 元,4,,,VR看装修 | 房本满五年,https://dg.lianjia.com/ershoufang/105121746346.html
安全管理，刷卡出入，精装拎包入住，无欠款手续快,"阳光城·愉景湾 , 石碣镇",3室2厅,95.79平米,南,精装,高楼层(共27层) ,,塔楼,120 万,12528 元,1,,,VR看装修 | 房本满两年,https://dg.lianjia.com/ershoufang/105121255599.html
毛坯2房少有在卖，朝南通风，采光很好,"金域中央四期 , 南城车站",2室2厅,93.49平米,南,毛坯,中楼层(共26层) ,,板塔结合,145 万,15510 元,1,,,VR看装修 | 房本满五年 | 随时看房,https://dg.lianjia.com/ershoufang/105117383736.html
全屋定制，满五唯一，楼层好视野开阔无遮挡，东南朝向,"圣河西E号 , 白马",1室1厅,54.18平米,东南,,中楼层(共27层) ,,塔楼,89 万,16427 元,0,,,VR看装修 | 随时看房,https://dg.lianjia.com/ershoufang/105121930241.html
精装江景房，全新没住过，业主诚心出售,"碧桂园松湖明珠 , 横沥镇",4室1厅,107.31平米,东南,,中楼层(共26层) ,,塔楼,183 万,17054 元,0,,,VR房源 | 随时看房,https://dg.lianjia.com/ershoufang/105121566542.html
房子之前业主自己住，装修保养好，中高楼层,"万科花园 , 虎门公园",4室2厅,111.19平米,南,,高楼层(共34层) ,,板塔结合,202 万,18168 元,0,,,VR看装修 | 房本满五年 | 随时看房,https://dg.lianjia.com/ershoufang/105121888517.html
临深小区汉邦雍景居98平4房2卫毛坯，业主诚意出售！,"汉邦雍景居 , 凤岗镇",4室2厅,98.02平米,南,毛坯,18层 ,,板塔结合,137 万,13977 元,1,,,VR看装修 | 房本满五年 | 随时看房,https://dg.lianjia.com/ershoufang/105120499923.html
松湖北区东坑TOD大润发楼上。标准大四房业主急售,"和昌拾里松湖 , 东坑镇",4室2厅,125.85平米,西南,精装,高楼层(共29层) ,,板塔结合,170 万,13509 元,0,,,VR看装修 | 房本满两年,https://dg.lianjia.com/ershoufang/105121908844.html
莞城电梯四房 采光通风良好 视野开阔无遮挡 近地铁口,"旭洋楼 , 上下桥",4室2厅,159.3平米,西南,简装,高楼层(共8层) ,,板塔结合,100 万,6278 元,2,,,近地铁 | VR看装修 | 随时看房,https://dg.lianjia.com/ershoufang/105120523500.html
华南花园 3室2厅 南,"华南花园 , 石龙镇",3室2厅,106.99平米,南,简装,28层 ,,板塔结合,50 万,4674 元,0,,,VR看装修 | 随时看房,https://dg.lianjia.com/ershoufang/105122146708.html
石竹新花园 精装修三房 家门口北部,"石竹新花园 , 石竹",3室2厅,105.4平米,西北,精装,高楼层(共16层) ,,板塔结合,199 万,18881 元,1,,,近地铁 | VR看装修 | 房本满五年 | 随时看房,https://dg.lianjia.com/ershoufang/105122055975.html
中惠三期高层85平三房，采光好，无遮挡,"中惠松湖城三期 , 寮步",3室1厅,85.92平米,北,精装,26层 ,,塔楼,115 万,13385 元,0,,,VR房源 | 房本满五年 | 随时看房,https://dg.lianjia.com/ershoufang/105121541035.html
精装三房 保养好 价格美丽 稀有满五唯一,"松湖碧桂园一期 , 大岭山镇",3室2厅,91.69平米,北,精装,32层 ,,板塔结合,135 万,14724 元,2,,,VR看装修 | 房本满五年 | 随时看房,https://dg.lianjia.com/ershoufang/105112693878.html
御河湾花园 3室2厅 东南,"御河湾花园 , 横沥镇",3室2厅,93.06平米,东南,精装,中楼层(共32层) ,,塔楼,107 万,11498 元,0,,,VR看装修 | 房本满五年 | 随时看房,https://dg.lianjia.com/ershoufang/105118873654.html
君汇华庭精装4+1房出售 满五不欠款 中高楼层 看房方便,"君汇华庭 , 厚街镇",5室2厅,142.16平米,东南,精装,高楼层(共31层) ,,塔楼,190 万,13366 元,0,,,VR看装修 | 房本满五年 | 随时看房,https://dg.lianjia.com/ershoufang/105122177233.html
石竹新 单价不到1.6万 业主想近期卖掉 保养好 看房方,"石竹新花园 , 石竹",3室1厅,101.96平米,西北,精装,低楼层(共12层) ,,板塔结合,157 万,15399 元,2,,,近地铁 | VR房源 | 房本满五年 | 随时看房,https://dg.lianjia.com/ershoufang/105120537053.html
锦江城两房，满五唯一无欠款诚意出售！,"锦江城 , 黄河中心",2室1厅,42.9平米,北,简装,高楼层(共9层) ,,板塔结合,25 万,5828 元,0,,,VR房源 | 房本满五年 | 随时看房,https://dg.lianjia.com/ershoufang/105122016005.html
山谷四房出售户型通风好看房方便中高楼层,"汇景城市山谷 , 清溪镇",4室2厅,126平米,南 北,简装,24层 ,,板塔结合,165 万,13096 元,0,,,VR看装修,https://dg.lianjia.com/ershoufang/105121629524.html
鼎峰品筑大两房，带花园院子，满五唯一，不欠款,"鼎峰品筑 , 寮步",2室2厅,78.27平米,南,简装,低楼层(共18层) ,,塔楼,86 万,10988 元,5,,,VR房源 | 房本满五年,https://dg.lianjia.com/ershoufang/105120785820.html
电梯朝南两房，业主急卖，价格还可以沟通,"东泰花园明华苑 , 东泰",2室1厅,81.31平米,西南,简装,中楼层(共8层) ,,板楼,88 万,10823 元,2,,,VR看装修 | 房本满五年 | 随时看房,https://dg.lianjia.com/ershoufang/105120231316.html
高层朝东采光好  毛坯清水房  满五唯一没欠款,"联佳大厦 , 东莞行政中心区",2室2厅,95.85平米,东,毛坯,高楼层(共23层) ,,塔楼,150 万,15650 元,2,,,近地铁 | VR看装修 | 随时看房,https://dg.lianjia.com/ershoufang/105120854259.html
满5唯一.采光通风比较好家私电器全新,"尚书银座 , 东莞图书馆",2室1厅,43.05平米,西南,简装,低楼层(共23层) ,,塔楼,75 万,17422 元,0,,,近地铁 | VR房源 | 房本满五年 | 随时看房,https://dg.lianjia.com/ershoufang/105121361930.html
御江1号 一线江景三房，户型方正。,"御江1号 , 横沥镇",3室2厅,106.6平米,东南,毛坯,中楼层(共29层) ,,塔楼,126 万,11820 元,0,,,VR看装修 | 随时看房,https://dg.lianjia.com/ershoufang/105118700509.html
海德骏园南北对流3房，全屋硅藻泥，基本全新没住过,"海德骏园 , 望牛墩镇",3室2厅,116.95平米,南,精装,低楼层(共24层) ,,塔楼,125 万,10689 元,0,,,VR看装修 | 房本满五年 | 随时看房,https://dg.lianjia.com/ershoufang/105112554153.html
松山湖旁，中惠松湖城三期大四房，业主自住标准保养好,"中惠松湖城三期 , 寮步",4室1厅,121.65平米,南,精装,26层 ,,塔楼,198 万,16277 元,0,,,VR看装修 | 房本满五年 | 随时看房,https://dg.lianjia.com/ershoufang/105121792813.html
蓝月湾 大三房 诚意出售 配备设施齐全,"蓝月湾 , 常平镇",4室1厅,128.73平米,东南,,低楼层(共11层) ,,板楼,123 万,9555 元,0,,,VR房源 | 随时看房,https://dg.lianjia.com/ershoufang/105121463545.html
安娜花园复式两房，视野开阔，楼上楼下动静分明！,"安娜花园 , 横沥镇",2室1厅,105平米,西南,简装,高楼层(共6层) ,,塔楼,49 万,4667 元,0,,,VR房源 | 房本满五年 | 随时看房,https://dg.lianjia.com/ershoufang/105122019472.html
新园中区，2房格局方正 ，业主急售，价格可刀,"新园中区 , 太平广场",2室1厅,61.36平米,南,简装,中楼层(共6层) ,,板楼,52 万,8475 元,1,,,VR看装修 | 房本满五年,https://dg.lianjia.com/ershoufang/105117942524.html
星河传说 南北对流大3房 采光好 位置安静,"星河传说聚星岛A区 , 石井",3室2厅,150.59平米,东,精装,中楼层(共12层) ,,塔楼,335 万,22246 元,1,,,VR房源 | 房本满五年,https://dg.lianjia.com/ershoufang/105119826094.html
视野开阔无遮挡，精装修三房，中高楼层的，业主急售。,"南部湾万科城 , 大宁",3室2厅,93.48平米,东南,精装,高楼层(共29层) ,,板楼,155 万,16582 元,0,,,VR看装修 | 房本满五年,https://dg.lianjia.com/ershoufang/105120480375.html
新世纪星城明星3房户型，朝南向，中高楼层,"新世纪星城(一二)期 , 温塘",3室2厅,103平米,南,精装,中楼层(共17层) ,,板塔结合,181 万,17573 元,0,,,VR看装修 | 随时看房,https://dg.lianjia.com/ershoufang/105121521615.html
朝小区带阳台单间，商品住宅性质电梯房,"时尚岛蓝钻 , 鸿福路口",1室0厅,30.19平米,西南,精装,中楼层(共24层) ,,板楼,39.9 万,13217 元,0,,6天以前发布,VR房源 | 房本满五年 | 随时看房,https://dg.lianjia.com/ershoufang/105122504580.html
满五唯一，朝南看别墅区，视野无遮挡,"御河湾花园 , 横沥镇",3室1厅,95.7平米,东南,毛坯,中楼层(共32层) ,,板塔结合,85 万,8882 元,0,,,VR房源 | 房本满五年 | 随时看房,https://dg.lianjia.com/ershoufang/105119215892.html
全屋定制精装修带家私电器，好楼层，舒适大三房,"旭辉江山墅 , 石排镇",3室2厅,115.78平米,东南 南,精装,高楼层(共33层) ,,塔楼,188 万,16238 元,0,,,VR看装修 | 房本满两年 | 随时看房,https://dg.lianjia.com/ershoufang/105122237035.html
鲁能公馆 刚需小三居 正南朝向 拎包入住,"鲁能公馆 , 茶山镇",3室2厅,78.44平米,西南,,32层 ,,板塔结合,105 万,13387 元,0,,14天以前发布,近地铁 | VR房源 | 随时看房,https://dg.lianjia.com/ershoufang/105122422598.html
精装大三房，带地下室车位，银行无欠款！,"中惠沁林山庄 , 大岭山镇",3室2厅,117.17平米,南 北,精装,高楼层(共25层) ,,板楼,138 万,11778 元,0,,,VR房源 | 房本满两年,https://dg.lianjia.com/ershoufang/105115465505.html
使用率高 双层复式 整体装修保养不错，视野好采光好,"保利珑远国际广场 , 石竹",1室1厅,40.9平米,南,精装,低楼层(共17层) ,,塔楼,38 万,9291 元,0,,,房本满五年 | 随时看房,https://dg.lianjia.com/ershoufang/105121541349.html
95平方三房，总价低，装修保养好，楼层好位置安静,"保利红珊瑚花园 , 松山湖",3室1厅,95.02平米,东,,高楼层(共25层) ,,塔楼,283 万,29784 元,1,,29天以前发布,VR房源 | 房本满五年 | 随时看房,https://dg.lianjia.com/ershoufang/105122276067.html
华园大平层，换房可选，目前在卖的很好的四房。,"丰泰华园山庄 , 新联",4室3厅,256.98平米,东南,简装,低楼层(共12层) ,,板塔结合,380 万,14788 元,2,,,VR房源 | 房本满两年 | 随时看房,https://dg.lianjia.com/ershoufang/105110456988.html
满五唯一 方正户型 一梯两户南北对流,"光大景湖花园 , 东泰",3室2厅,116.5平米,东南,简装,中楼层(共5层) ,,板楼,160 万,13734 元,0,,,VR房源 | 随时看房,https://dg.lianjia.com/ershoufang/105120385034.html
城市风景  精装2房1厅1卫 真诚心出售,"城市风景 , 石竹",2室1厅,66.69平米,东南,精装,15层 ,,板楼,87.9 万,13181 元,0,,,VR看装修 | 房本满五年 | 随时看房,https://dg.lianjia.com/ershoufang/105122097348.html
翠珑湾五期   公寓  带精装修   业主诚心卖,"星城翠珑湾五期 , 寮步",2室2厅,61.82平米,南,精装,中楼层(共21层) ,,板塔结合,65 万,10515 元,1,,,房本满五年,https://dg.lianjia.com/ershoufang/105103901927.html
万科高尔夫花园大三房，随时可看房,"万科城市高尔夫花园 , 寮步",3室2厅,125.95平米,南,简装,24层 ,,板塔结合,170 万,13498 元,1,,,VR看装修 | 房本满五年 | 随时看房,https://dg.lianjia.com/ershoufang/105121500151.html
清溪公园旁，国际公馆3房2厅2卫，诚心出售,"清溪国际公馆 , 清溪镇",3室2厅,104平米,东南,精装,高楼层(共20层) ,,板楼,85 万,8174 元,1,,,房本满两年,https://dg.lianjia.com/ershoufang/105121171950.html
莞城 人民公园旁 和阳大厦 精装电梯大4房 带车位,"和阳大厦 , 莞城",3室2厅,147.26平米,西南,精装,中楼层(共8层) ,,塔楼,163 万,11069 元,1,,,VR看装修 | 房本满两年 | 随时看房,https://dg.lianjia.com/ershoufang/105120878595.html
帝豪花园二期三房两厅两卫南北通透带前后院子,"帝豪花園 , 樟木头镇",4室2厅,111.3平米,南 北,简装,6层 ,,板塔结合,136 万,12220 元,3,,,VR房源 | 房本满五年 | 随时看房,https://dg.lianjia.com/ershoufang/105117814830.html
万象汇350米翠珑湾四期复式2房2卫,"星城翠珑湾四期 , 寮步",2室2厅,54.65平米,西,,中楼层(共20层) ,,板塔结合,58 万,10613 元,2,,,房本满五年,https://dg.lianjia.com/ershoufang/105119582088.html
华润公元九里高品质小区，业主诚心出售,"华润公元九里 , 企石镇",3室2厅,96.35平米,南,简装,中楼层(共29层) ,,塔楼,130 万,13493 元,1,,,VR看装修 | 房本满两年 | 随时看房,https://dg.lianjia.com/ershoufang/105118316806.html
诚心急售 高楼层视野开阔 采光通透 随时看房不拖沓,"鸿荣源熙园山院 , 凤岗镇",3室2厅,93.62平米,南,毛坯,25层 ,,板塔结合,153 万,16343 元,1,,,VR看装修 | 随时看房,https://dg.lianjia.com/ershoufang/105122214809.html
单边位 大两房 南北对流  宜居家,"佳兆业中央豪门 , 石龙镇",2室2厅,88.3平米,东 南,精装,中楼层(共31层) ,,板塔结合,92 万,10420 元,0,,,VR看装修 | 房本满两年 | 随时看房,https://dg.lianjia.com/ershoufang/105122039628.html
碧桂园 朝南 自住4房 满五 唯一,"沙田碧桂园滨江豪园 , 沙田镇",4室2厅,114平米,南,精装,29层 ,,塔楼,158 万,13860 元,0,,,VR看装修 | 房本满五年,https://dg.lianjia.com/ershoufang/105121606426.html
宝翠花園 1室1厅 西南,"宝翠花園 , 横沥镇",1室1厅,53.89平米,西南,精装,中楼层(共4层) ,,板楼,32 万,5939 元,0,,,VR看装修 | 房本满五年,https://dg.lianjia.com/ershoufang/105120906757.html
天虹商圈，精装三房出售，满五唯一省个税业主诚意出售,"地标大厦 , 地标",3室2厅,87.31平米,南 北,精装,低楼层(共25层) ,,塔楼,110 万,12599 元,12,,,VR看装修 | 房本满五年,https://dg.lianjia.com/ershoufang/105117308429.html
盛世华庭 2室1厅 西南,"盛世华庭 , 横沥镇",2室1厅,76.4平米,西南,,中楼层(共9层) ,,板塔结合,56 万,7330 元,1,,,VR房源 | 房本满五年 | 随时看房,https://dg.lianjia.com/ershoufang/105122056940.html
虎门万达商圈地铁口精装三房 2015年小区精装修出售,"虎门客天下 , 万达",3室2厅,92平米,南,,中楼层(共27层) ,,板楼,133 万,14457 元,1,,,VR看装修 | 房本满五年 | 随时看房,https://dg.lianjia.com/ershoufang/105114896009.html
蔚蓝星湖大社区 户型方正 直通地下车库 采光好,"蔚蓝星湖 , 上下桥",3室1厅,110.48平米,北,简装,中楼层(共11层) ,,塔楼,135 万,12220 元,0,,,VR房源 | 房本满五年 | 随时看房,https://dg.lianjia.com/ershoufang/105121091144.html
正丰精装大三房低价出售，业主诚意出售,"正丰豪苑 , 桥头镇",3室2厅,106.95平米,东 东南,简装,6层 ,,板塔结合,70 万,6546 元,0,,8天以前发布,VR房源 | 房本满五年,https://dg.lianjia.com/ershoufang/105122490097.html
沙田庄士8号 双阳台 大3房 装修很好 保养很新,"沙田碧桂园滨江豪园 , 沙田镇",3室1厅,118.77平米,南,精装,27层 ,,塔楼,126 万,10609 元,2,,,VR看装修 | 房本满两年 | 随时看房,https://dg.lianjia.com/ershoufang/105117427533.html
万科物业小区，大社区，好楼层。,"香树丽舍 , 南城车站",2室2厅,68.92平米,西北,,高楼层(共18层) ,,塔楼,98 万,14220 元,2,,,VR看装修 | 房本满五年 | 随时看房,https://dg.lianjia.com/ershoufang/105121486148.html
位置好！生活配套齐全，交通方便。,"万荟时代 , 大朗镇",2室2厅,84.96平米,东南,,低楼层(共24层) ,,塔楼,95 万,11182 元,1,,,VR看装修 | 房本满五年,https://dg.lianjia.com/ershoufang/105121754511.html
业主诚心急卖，租客稳定在住，可住可租,"光大景湖春晓 , 西平",1室0厅,27.35平米,北,精装,11层 ,,板楼,33 万,12066 元,4,,,VR看装修 | 房本满五年 | 随时看房,https://dg.lianjia.com/ershoufang/105110998460.html
沿江高速口南栅富民花园96平方三房带天台花园诚心出售,"富民花园 , 太平广场",3室2厅,96平米,北,简装,高楼层(共7层) ,,板塔结合,61 万,6355 元,10,,,VR看装修 | 房本满五年 | 随时看房,https://dg.lianjia.com/ershoufang/105110581030.html
帝豪花园，二手房中的温馨小窝，一楼88平方带前后花园,"帝豪花園 , 樟木头镇",3室1厅,88平米,南,简装,低楼层(共7层) ,,塔楼,88 万,10000 元,2,,,VR房源 | 随时看房,https://dg.lianjia.com/ershoufang/105119072902.html
楼层好，满五唯一，省税费，业主自住，带精装,"华南花园 , 石龙镇",3室2厅,110.75平米,西南 西,精装,28层 ,,板塔结合,51 万,4605 元,1,,,VR看装修 | 房本满五年 | 随时看房,https://dg.lianjia.com/ershoufang/105120936748.html
沙田东港城二期，2房2厅，看花园，一手业主。,"沙田东港城 , 沙田镇",2室2厅,92.37平米,东南,精装,低楼层(共11层) ,,塔楼,70 万,7579 元,2,,,VR看装修 | 房本满五年 | 随时看房,https://dg.lianjia.com/ershoufang/105119914958.html
城区 繁华地段 优选小户型 轻松置业无压力,"富洋楼 , 花园新村",1室1厅,42.41平米,东北,简装,8层 ,,板塔结合,18 万,4245 元,2,,,VR看装修 | 房本满五年 | 随时看房,https://dg.lianjia.com/ershoufang/105121649776.html
碧桂园时代城大2房，重新装修户型方正，业主诚心出售,"碧桂园时代城 , 塘厦镇",2室2厅,83.31平米,南,精装,25层 ,,板塔结合,80 万,9603 元,2,,,VR看装修 | 房本满五年 | 随时看房,https://dg.lianjia.com/ershoufang/105121608463.html
长安花园精装两房，朝南视野好，业主诚心出售,"长安花园 , 长安新区",2室1厅,78.26平米,南,精装,11层 ,,塔楼,120 万,15334 元,2,,,VR房源 | 房本满五年 | 随时看房,https://dg.lianjia.com/ershoufang/105121414883.html
香港街三房 装修新 面向小区花园 景观好 看房方便,"香港街 , 八达路",3室2厅,110.03平米,西北,精装,17层 ,,板塔结合,198 万,17996 元,0,,,VR房源 | 房本满五年 | 随时看房,https://dg.lianjia.com/ershoufang/105122172940.html
万科紫台190平方精装4房2厅3卫出售,"万科紫台 , 地标",4室2厅,190平米,西,精装,中楼层(共26层) ,,板塔结合,315 万,16579 元,4,,,VR看装修 | 房本满五年 | 随时看房,https://dg.lianjia.com/ershoufang/105120992113.html
精装步梯两房两卫低层朝南采光通风好,"富怡花园 , 花园新村",2室1厅,95.58平米,东南,精装,中楼层(共8层) ,,板塔结合,78 万,8161 元,0,,,VR房源 | 房本满五年 | 随时看房,https://dg.lianjia.com/ershoufang/105121745183.html
旗峰地铁口 万科精装1房 业主诚心急售 高层朝南采光好,"万科中心 , 黄旗山",1室1厅,31.31平米,东南,精装,中楼层(共28层) ,,板楼,25 万,7985 元,0,,,近地铁 | 房本满五年 | 随时看房,https://dg.lianjia.com/ershoufang/105121788841.html
道滘精品复式小户型两房，实用面积60平方，空间实用。,"时代香海彼岸4期 , 道滘镇",2室2厅,40.74平米,北,毛坯,高楼层(共20层) ,,板塔结合,18 万,4419 元,0,,,房本满两年 | 随时看房,https://dg.lianjia.com/ershoufang/105119102695.html
电梯中高层  可复式可平层毛坯次新房 近人民医院,"瀚柏·青柠时代 , 客运总站",1室1厅,32.26平米,南,毛坯,高楼层(共16层) ,,塔楼,13.86 万,4297 元,2,,,房本满两年 | 随时看房,https://dg.lianjia.com/ershoufang/105120472387.html
嘉誉中高层，看花园的，大四房，安静宜居。,"碧桂园信鸿嘉誉2期 , 麻涌镇",4室2厅,140.55平米,北 南,,17层 ,,塔楼,160 万,11384 元,0,,,VR看装修 | 房本满五年 | 随时看房,https://dg.lianjia.com/ershoufang/105120051438.html
舒适大横厅 品牌定制衣柜 改善四房,"卓越弥敦道 , 石碣镇",4室2厅,112.67平米,西南,,低楼层(共32层) ,,板楼,135 万,11982 元,0,,,VR看装修 | 房本满两年 | 随时看房,https://dg.lianjia.com/ershoufang/105120312350.html
花小旁富雅花园电梯2房精装修 通风采光好,"富雅花园 , 花园新村",2室1厅,61.8平米,西南,,12层 ,,塔楼,68 万,11004 元,0,,18天以前发布,VR房源 | 房本满两年,https://dg.lianjia.com/ershoufang/105122370224.html
满五不唯一 不欠款 装修保养好 业主诚心出售,"合正上东国际 , 下坝",3室2厅,104平米,南,精装,高楼层(共26层) ,,板塔结合,199 万,19135 元,3,,,VR看装修 | 房本满五年 | 随时看房,https://dg.lianjia.com/ershoufang/105119009918.html
中高楼层 阳台朝花园 采光通风好 地铁口 交通便利,"万科金悦香树 , 南城车站",3室2厅,95.66平米,西北,简装,高楼层(共24层) ,,塔楼,180 万,18817 元,0,,,VR看装修 | 房本满五年 | 随时看房,https://dg.lianjia.com/ershoufang/105116730839.html
翠珑湾南北通透大三房 业主诚心出售,"星城翠珑湾三期 , 寮步",3室2厅,115.86平米,南 北,精装,高楼层(共29层) ,,塔楼,238 万,20543 元,0,,,VR看装修 | 房本满五年,https://dg.lianjia.com/ershoufang/105115902412.html
方正3房 地铁口物业 业主诚心出售,"东城中心 , 黄旗山",3室2厅,120平米,南,简装,低楼层(共8层) ,,塔楼,120 万,10000 元,2,,,近地铁 | VR房源 | 随时看房,https://dg.lianjia.com/ershoufang/105121297088.html
二期低楼层看游泳池看大花园精装修,"东城中心 , 黄旗山",2室2厅,109平米,东南,精装,低楼层(共8层) ,,塔楼,116 万,10643 元,1,,26天以前发布,近地铁 | VR看装修 | 房本满五年 | 随时看房,https://dg.lianjia.com/ershoufang/105122311693.html
东南向看花园跃式户型高档装修诚意出手,"雍华庭 , 东平街",3室2厅,139.7平米,东南,,中楼层(共11层) ,,塔楼,230 万,16464 元,0,,,近地铁 | VR房源 | 随时看房,https://dg.lianjia.com/ershoufang/105121203088.html
金泽花园三房，高层，带租约出售,"金泽花园 , 东平街",3室1厅,120.05平米,南,精装,19层 ,,塔楼,150 万,12495 元,4,,,近地铁 | VR看装修 | 房本满两年 | 随时看房,https://dg.lianjia.com/ershoufang/105112541014.html
金域名苑  电梯三房 朝南 户型方正,"金域名苑 , 东莞行政中心区",3室2厅,137.26平米,南,简装,低楼层(共20层) ,,塔楼,160 万,11657 元,0,,,VR房源 | 房本满五年 | 随时看房,https://dg.lianjia.com/ershoufang/105119380643.html
大型社区，环境好，小区安静，无嘈杂,"御景花园 , 樟木头镇",3室2厅,73平米,西南,,低楼层(共7层) ,,板塔结合,68 万,9316 元,0,,,VR房源 | 随时看房,https://dg.lianjia.com/ershoufang/105121823808.html
业主急卖 带精装 没欠款 过户快！,"天麟时代广场 , 大朗镇",3室1厅,98.13平米,东南 南,精装,低楼层(共28层) ,,塔楼,110 万,11210 元,5,,,VR看装修 | 房本满两年 | 随时看房,https://dg.lianjia.com/ershoufang/105120372668.html
汇景城市中心一房 业主诚意出售中,"汇景城市中心 , 樟木头镇",1室0厅,45.8平米,北,简装,中楼层(共18层) ,,板楼,38 万,8297 元,0,,20天以前发布,随时看房,https://dg.lianjia.com/ershoufang/105122357979.html
金莎雅苑中高楼层两房，业主诚意出售，只卖49万,"金莎雅苑 , 大朗镇",2室1厅,38.16平米,西北,精装,高楼层(共15层) ,,塔楼,44 万,11531 元,3,,,VR看装修 | 房本满五年 | 随时看房,https://dg.lianjia.com/ershoufang/105111251784.html
双阳台、朝南、光照好、无抵押、急卖,"富怡花园 , 花园新村",3室2厅,123.88平米,东南,简装,高楼层(共8层) ,,板塔结合,98 万,7911 元,0,,12天以前发布,VR房源 | 房本满五年,https://dg.lianjia.com/ershoufang/105122444300.html
物资大厦 3室2厅 东南,"物资大厦 , 横沥镇",3室2厅,82.2平米,东南,,5层 ,,板塔结合,35 万,4258 元,0,,13天以前发布,VR房源 | 房本满五年 | 随时看房,https://dg.lianjia.com/ershoufang/105122435647.html
翔龙天地精装一房一厅诚意出售，,"翔龙天地 , 常平镇",1室1厅,45.7平米,南,精装,30层 ,,塔楼,58 万,12692 元,0,,22天以前发布,VR房源 | 随时看房,https://dg.lianjia.com/ershoufang/105122343341.html
温馨小三房，给你一个家，不需要太大地方。,"广贸大厦 , 黄河中心",3室2厅,82.68平米,西,简装,19层 ,,板塔结合,55 万,6653 元,0,,,VR房源 | 房本满五年 | 随时看房,https://dg.lianjia.com/ershoufang/105111075234.html
力通花园、莞城次新房22年批地、证过两年、高层无遮挡,"利通花园 , 花园新村",3室2厅,96.35平米,西北,精装,高楼层(共18层) ,,板楼,128 万,13285 元,0,,,VR看装修 | 房本满两年 | 随时看房,https://dg.lianjia.com/ershoufang/105116370989.html
德基广场 在售单价 醉低一套 随时看楼,"德基广场天悦 , 虎门公园",2室1厅,55.31平米,东,精装,中楼层(共22层) ,,板塔结合,55 万,9944 元,0,,6天以前发布,随时看房,https://dg.lianjia.com/ershoufang/105122511692.html
虎门天虹楼上二期三房 保养好诚意出售,"地标广场 , 地标",3室2厅,90.98平米,南,精装,16层 ,,板塔结合,178 万,19565 元,0,,,VR看装修 | 房本满五年 | 随时看房,https://dg.lianjia.com/ershoufang/105121708820.html
满五唯一无欠款，采光充足东南朝向,"东方银座中心城 , 大朗镇",1室1厅,39.36平米,东南,,中楼层(共22层) ,,板塔结合,15 万,3811 元,0,,8天以前发布,房本满五年 | 随时看房,https://dg.lianjia.com/ershoufang/105122489719.html
翡翠山湖 2室1厅 北,"翡翠山湖 , 凤岗镇",2室1厅,87.2平米,北,精装,17层 ,,塔楼,92 万,10551 元,0,,15天以前发布,VR房源 | 房本满五年 | 随时看房,https://dg.lianjia.com/ershoufang/105122412554.html
横沥新小区，五星园林景，高楼层全新未入住！,"碧桂园松湖明珠 , 横沥镇",3室1厅,92.15平米,东南,简装,高楼层(共26层) ,,,125 万,13565 元,0,,,VR房源 | 房本满两年 | 随时看房,https://dg.lianjia.com/ershoufang/105121730089.html
新世纪颐和居 四房满五不唯一 拎包入住 。,"新世纪颐和居 , 厚街镇",2室2厅,85.79平米,东南,,17层 ,,板塔结合,95 万,11074 元,0,,,近地铁 | VR看装修 | 房本满五年,https://dg.lianjia.com/ershoufang/105122198499.html
新城市花园 两房带花园 全新装修 可种菜 养鱼,"新城市花园一期 , 常平镇",2室1厅,72.5平米,东南,精装,低楼层(共7层) ,,板塔结合,60 万,8276 元,0,,,VR房源 | 随时看房,https://dg.lianjia.com/ershoufang/105121637141.html
恒大御湖通车库两房 中楼层，装修好，诚意卖房,"百悦尚城三期恒大御湖 , 南城车站",2室1厅,87.45平米,西南,精装,中楼层(共18层) ,,板塔结合,150 万,17153 元,0,,,VR房源 | 房本满五年,https://dg.lianjia.com/ershoufang/105122068992.html
东鸿大厦3房1厅出售，朝东，采光好，通风，鸿福路地段,"东鸿大厦 , 鸿福路口",3室1厅,92.3平米,东南,简装,中楼层(共8层) ,,,90 万,9751 元,1,,,VR看装修 | 房本满两年 | 随时看房,https://dg.lianjia.com/ershoufang/105122080406.html
天钻新上好房！全新三房急售随时可看,"松湖碧桂园·天钻 , 大岭山镇",3室2厅,97.51平米,南,,高楼层(共31层) ,,塔楼,159 万,16307 元,0,,,VR看装修 | 随时看房,https://dg.lianjia.com/ershoufang/105121704971.html
价格便宜，室内重新装修过 保养挺不错,"虎门一号 , 地标",1室1厅,36.36平米,南,精装,低楼层(共11层) ,,塔楼,26 万,7151 元,0,,13天以前发布,VR房源 | 随时看房,https://dg.lianjia.com/ershoufang/105122435073.html
沙田碧桂园 125平  全新江景 四房两卫 诚售,"沙田碧桂园滨江豪园 , 沙田镇",4室2厅,125.06平米,南 北,精装,29层 ,,塔楼,175 万,13994 元,0,,,VR看装修 | 房本满两年 | 随时看房,https://dg.lianjia.com/ershoufang/105117605462.html
海伦国际  装修别墅  业主自住，保养干净,"海伦国际 , 寮步",6室2厅,165.92平米,东南,,4层 ,,板塔结合,375 万,22602 元,0,,,VR房源 | 房本满五年 | 随时看房,https://dg.lianjia.com/ershoufang/105120900520.html
小区环境好，交通方便，设施完善，价格优惠,"中熙玖颂江湾 , 石碣镇",3室2厅,98.33平米,南 北,毛坯,高楼层(共31层) ,,塔楼,102 万,10374 元,0,,,VR看装修 | 房本满五年 | 随时看房,https://dg.lianjia.com/ershoufang/105116538678.html
高层好房 看房方便有钥匙 住宅性质的,"地标大厦 , 地标",1室1厅,56.66平米,南,简装,高楼层(共24层) ,,塔楼,44 万,7766 元,0,,,VR看装修 | 房本满五年 | 随时看房,https://dg.lianjia.com/ershoufang/105122142906.html
新中银金色华庭，地铁口小3房，刚需,"新中银·金色华庭 , 西平",3室1厅,90.16平米,东北,精装,中楼层(共18层) ,,板塔结合,170 万,18856 元,0,,,近地铁 | VR房源 | 房本满五年,https://dg.lianjia.com/ershoufang/105121691965.html
柏龙湾次新3房  中楼层采光好  视野开阔,"柏龙湾 , 大宁",3室2厅,93.25平米,东南,,高楼层(共17层) ,,塔楼,148 万,15872 元,0,,,VR看装修 | 随时看房,https://dg.lianjia.com/ershoufang/105120314450.html
全新未入住过3房交楼标准精装业主诚心出售,"世纪城凯旋湾花园 , 石排镇",3室2厅,109.72平米,南,,低楼层(共17层) ,,板塔结合,108 万,9844 元,0,,,VR看装修 | 房本满两年 | 随时看房,https://dg.lianjia.com/ershoufang/105121286600.html
网红小区 二期朝南看花园 通风采光好 楼层巴适 便宜卖,"碧桂园苹果 , 上下桥",2室1厅,29.15平米,南,精装,高楼层(共12层) ,,塔楼,27 万,9263 元,0,,20天以前发布,随时看房,https://dg.lianjia.com/ershoufang/105122355336.html
新世纪颐龙轩 南北对流 高层看江景,"新世纪颐龙轩 , 高埗镇",4室2厅,143.29平米,东南,毛坯,高楼层(共30层) ,,板楼,239 万,16680 元,0,,,VR看装修 | 随时看房,https://dg.lianjia.com/ershoufang/105120345227.html
达鑫精装两房，看房方便，看花园朝南向,"达鑫江滨新城 , 石碣镇",2室1厅,83.11平米,南,精装,中楼层(共24层) ,,板楼,90 万,10830 元,1,,,VR看装修 | 随时看房,https://dg.lianjia.com/ershoufang/105121226117.html
富民花园  朝南两房  诚意出售,"富民花园 , 太平广场",2室2厅,75.02平米,南,简装,中楼层(共7层) ,,板塔结合,55 万,7332 元,1,,,VR看装修 | 房本满五年 | 随时看房,https://dg.lianjia.com/ershoufang/105121518085.html
未来世界花园二期小三房 稀有带阳台且朝南户型,"未来世界花园 , 西平",3室2厅,67.02平米,东南,精装,低楼层(共17层) ,,板楼,126 万,18801 元,1,,,近地铁 | VR房源 | 房本满五年 | 随时看房,https://dg.lianjia.com/ershoufang/105121993359.html
松湖朗悦 3室2厅 西南,"松湖朗悦 , 大朗镇",3室2厅,90.72平米,西南,毛坯,高楼层(共23层) ,,塔楼,113 万,12456 元,0,,11天以前发布,VR房源 | 房本满五年 | 随时看房,https://dg.lianjia.com/ershoufang/105122452299.html
此房业主是花30万装修的，可拎包入住。楼层好无遮挡,"凯晟景园 , 石井",3室2厅,107平米,南,精装,低楼层(共26层) ,,板塔结合,255 万,23832 元,0,,,VR房源 | 房本满五年 | 随时看房,https://dg.lianjia.com/ershoufang/105120316924.html
店长推荐  沙田碧桂园安静笋三房 低楼层,"沙田碧桂园滨江豪园 , 沙田镇",3室2厅,86.79平米,北,精装,25层 ,,板楼,85.8 万,9886 元,1,,30天以前发布,VR看装修 | 随时看房,https://dg.lianjia.com/ershoufang/105122268190.html
全新高楼层朝南2房，无欠款，业主诚心出售！,"南部湾万科城 , 大宁",2室1厅,62平米,南,简装,9层 ,,塔楼,95 万,15323 元,0,,,VR看装修 | 随时看房,https://dg.lianjia.com/ershoufang/105120468705.html
诚信大厦4房出售 两套打通户型格局好 价格实惠,"诚信大厦 , 黄河中心",4室2厅,145平米,东南,简装,17层 ,,板楼,109 万,7518 元,0,,,VR看装修 | 房本满五年,https://dg.lianjia.com/ershoufang/105121025038.html
碧桂园三房 户型方正 朝南 免个税,"碧桂园天麓山三期 , 塘厦镇",3室2厅,89.66平米,南,精装,18层 ,,板塔结合,112 万,12492 元,1,,,VR房源 | 房本满五年 | 随时看房,https://dg.lianjia.com/ershoufang/105121021683.html
店长推荐 沙田东港城两房带院子,"沙田东港城 , 沙田镇",2室2厅,69.27平米,南 北,精装,低楼层(共17层) ,,塔楼,88 万,12704 元,0,,18天以前发布,VR房源 | 房本满五年 | 随时看房,https://dg.lianjia.com/ershoufang/105122380900.html
中高层四房 无欠款 随时过户 看房方便  视野开阔 靓宅,"万科首铸翡翠东望 , 鸿福路口",4室2厅,115.95平米,南,精装,低楼层(共33层) ,,板楼,325 万,28030 元,1,,,VR看装修 | 房本满两年 | 随时看房,https://dg.lianjia.com/ershoufang/105116599616.html
运河路103平精装三房 莞城户口 前后大阳台,"沿河路水利局宿舍 , 运河东",3室2厅,103平米,南,精装,中楼层(共6层) ,,,80 万,7767 元,5,,,VR看装修 | 房本满五年 | 随时看房,https://dg.lianjia.com/ershoufang/105121118656.html
罗沙市场整栋 大宅带一个大院子,"罗沙鸿兴路一巷 , 罗沙",7室3厅,241.51平米,东南,,低楼层(共3层) ,,,200 万,8282 元,5,,,VR房源 | 房本满两年 | 随时看房,https://dg.lianjia.com/ershoufang/105119593795.html
中惠松湖城二期精装看湖景三房诚意出售,"中惠松湖城二期 , 寮步",3室2厅,81.28平米,南,精装,高楼层(共25层) ,,塔楼,119 万,14641 元,0,,19天以前发布,VR房源 | 房本满五年 | 随时看房,https://dg.lianjia.com/ershoufang/105122362526.html
东城电梯房 精装修四房两卫 保养好 不欠款 诚意出售,"大金鼓广场 , 花园新村",4室2厅,171.06平米,西南,精装,中楼层(共17层) ,,塔楼,198 万,11575 元,0,,,VR房源 | 房本满两年,https://dg.lianjia.com/ershoufang/105120588826.html
景湖花园 别墅小区 保养好 诚意出售,"光大景湖花园 , 东泰",3室2厅,138.5平米,西,精装,中楼层(共5层) ,,板楼,238 万,17185 元,4,,,VR房源 | 房本满五年 | 随时看房,https://dg.lianjia.com/ershoufang/105113972143.html
道滘时代香海一期全新三房诚意出售,"时代香海彼岸1期 , 道滘镇",3室2厅,96.79平米,北,,中楼层(共24层) ,,板楼,133 万,13742 元,1,,,VR看装修 | 随时看房,https://dg.lianjia.com/ershoufang/105121344895.html
万科金域国际高层南向业主诚意出售,"万科金域国际 , 厚街镇",2室1厅,79.51平米,西南,简装,高楼层(共32层) ,,板塔结合,94 万,11823 元,1,,,VR看装修 | 随时看房,https://dg.lianjia.com/ershoufang/105121113874.html
东南向看国贸 带8米阳台 价格可谈 东升西落看城市风景,"金地·艺境水岸 , 石美",4室2厅,133平米,南,毛坯,高楼层(共29层) ,,板塔结合,205 万,15414 元,6,,,VR看装修 | 随时看房,https://dg.lianjia.com/ershoufang/105118437632.html
满五唯一 小区中间位置安静舒适 配套齐全,"南部湾万科城 , 大宁",3室2厅,97平米,西,,34层 ,,塔楼,155 万,15980 元,0,,28天以前发布,VR看装修,https://dg.lianjia.com/ershoufang/105122285793.html
中高楼层南向通透户型带车位出售,"中惠松湖城一期 , 寮步",3室2厅,84.1平米,东南,精装,23层 ,,塔楼,120 万,14269 元,1,,,VR看装修 | 房本满五年 | 随时看房,https://dg.lianjia.com/ershoufang/105118562436.html
此房满五唯一 没有个税 中高楼屋 拎包入住,"南部湾万科城 , 大宁",4室2厅,141.65平米,南 北,精装,11层 ,,塔楼,335 万,23650 元,0,,,VR看装修 | 房本满五年 | 随时看房,https://dg.lianjia.com/ershoufang/105122120988.html
利丰中央公园1期120平双阳台四房,"利丰中央公园1期 , 石排镇",4室2厅,119.29平米,南 北,毛坯,低楼层(共31层) ,,板塔结合,140 万,11737 元,1,,,VR看装修 | 房本满五年 | 随时看房,https://dg.lianjia.com/ershoufang/105114910621.html
光大景湖湾畔 2室1厅 北,"光大景湖湾畔 , 宏远南",2室1厅,71.06平米,北,,中楼层(共11层) ,,板塔结合,96 万,13510 元,0,,6天以前发布,VR房源 | 房本满五年,https://dg.lianjia.com/ershoufang/105122509875.html
此房是方正三房，业主家保养很好。,"金丰商业街 , 宏远北",3室2厅,96.08平米,南,简装,低楼层(共7层) ,,塔楼,83 万,8639 元,3,,,VR看装修 | 房本满五年,https://dg.lianjia.com/ershoufang/105111524253.html
万科城中间楼层四房出售 诚心卖 产权清晰,"南部湾万科城 , 大宁",4室2厅,118.92平米,西南,,中楼层(共34层) ,,塔楼,235 万,19762 元,0,,,VR看装修,https://dg.lianjia.com/ershoufang/105121758430.html
虎门龙泉广场 旁边实惠3房 有红本可过户,"虎门人民路169号 , 黄河中心",3室1厅,84.1平米,东南,简装,高楼层(共6层) ,,板楼,30.8 万,3663 元,4,,,VR房源 | 房本满五年,https://dg.lianjia.com/ershoufang/105121383038.html
莞城龙光君御旗峰豪园，大隐于市的圈层社交大宅,"君御旗峰豪园 , 东莞行政中心区",5室2厅,311.47平米,南,精装,低楼层(共34层) ,,塔楼,898 万,28832 元,0,,31天以前发布,近地铁 | VR房源 | 随时看房,https://dg.lianjia.com/ershoufang/105122252189.html
奶油风格高层精装修三房两厅两卫，南北对流,"中熙玖颂江湾 , 石碣镇",3室2厅,96.87平米,南 北,精装,中楼层(共31层) ,,塔楼,135 万,13937 元,1,,,VR看装修 | 房本满五年 | 随时看房,https://dg.lianjia.com/ershoufang/105121827372.html
虎门g有土地，新老莞人可买，70平上下三层，有露台,"东方中上一巷 , 黄河中心",2室2厅,70.32平米,南,精装,低楼层(共3层) ,,,36 万,5120 元,5,,,VR房源 | 房本满两年 | 随时看房,https://dg.lianjia.com/ershoufang/105120574489.html
沃多夫单间精装修，中间楼层，看莲花山，采光视野好,"沃多夫风临公馆 , 咸西",1室0厅,44.39平米,北,,33层 ,,塔楼,58 万,13067 元,1,,,VR房源 | 房本满五年 | 随时看房,https://dg.lianjia.com/ershoufang/105120129781.html
天虹旁东港城精装2房，南向，无欠款，产权清晰,"东港城(塘厦) , 塘厦镇",2室2厅,78.24平米,南,精装,29层 ,,板塔结合,62 万,7925 元,2,,,VR看装修 | 房本满五年 | 随时看房,https://dg.lianjia.com/ershoufang/105120554929.html
东城富怡物业电梯3房2厅 通风采光好 看房方便,"富怡物业 , 花园新村",3室2厅,126平米,东南,简装,高楼层(共9层) ,,塔楼,68 万,5397 元,1,,,VR看装修 | 房本满五年,https://dg.lianjia.com/ershoufang/105120208770.html
都市华府 三房两卫带一个大平台 南北通户型,"都市华府 , 常平镇",3室2厅,86.55平米,南,,25层 ,,塔楼,128 万,14790 元,1,,,VR看装修 | 房本满五年,https://dg.lianjia.com/ershoufang/105118361439.html
小区小高层三房，景观好，采光好。,"利澳花园 , 沙田镇",3室2厅,95.39平米,西南,简装,高楼层(共6层) ,,板塔结合,52 万,5452 元,4,,,VR看装修 | 房本满五年 | 随时看房,https://dg.lianjia.com/ershoufang/105119154840.html
东城万达旁 天宝站边上 碧桂园物业 精装方正3居室,"碧桂园ParkRoyal公馆 , 学院路",3室2厅,97.08平米,北,精装,中楼层(共30层) ,,塔楼,85 万,8756 元,4,,,近地铁 | 随时看房,https://dg.lianjia.com/ershoufang/105121419317.html
时富城东世家，小三房，朝东南，急卖,"时富花园 , 寮步",3室2厅,84.08平米,南,精装,高楼层(共11层) ,,板塔结合,106 万,12608 元,2,,,VR看装修 | 房本满五年 | 随时看房,https://dg.lianjia.com/ershoufang/105118216637.html
松山湖北寮步万科松湖传奇南向温馨2房安静看花园急卖,"万科松湖传奇 , 寮步",2室2厅,64.89平米,南,精装,低楼层(共34层) ,,板塔结合,76 万,11713 元,4,,,VR房源 | 房本满五年 | 随时看房,https://dg.lianjia.com/ershoufang/105116624550.html
"诚意出售，看中可谈，户型好，,采光不影响，","招商雍景湾 , 横沥镇",4室2厅,117.79平米,东南 北,精装,29层 ,,板塔结合,169 万,14348 元,0,,,VR看装修 | 房本满两年 | 随时看房,https://dg.lianjia.com/ershoufang/105121885656.html
莞城教育合和大厦电梯房，三房两厅 业主诚意出售。,"合和大厦 , 运河东",3室2厅,108平米,东北,,低楼层(共26层) ,,板塔结合,110 万,10186 元,0,,,VR看装修,https://dg.lianjia.com/ershoufang/105121820994.html
小区开发商是金地集团 建筑质量有保障，物业为金地物,"金地·艺境水岸 , 石美",2室1厅,49.62平米,东,,高楼层(共30层) ,,塔楼,34 万,6853 元,1,,,随时看房,https://dg.lianjia.com/ershoufang/105121765261.html
八达路96平大三房 上中英文 业主急售,"八达路商住楼 , 东莞行政中心区",3室2厅,96.24平米,南,,中楼层(共8层) ,,板楼,65 万,6754 元,1,,,VR看装修 | 房本满两年 | 随时看房,https://dg.lianjia.com/ershoufang/105119844142.html
实力开发商，三房两卫业主自住装修保养新。满五年,"卓越蔚蓝城邦 , 常平镇",3室2厅,98平米,南,精装,33层 ,,板塔结合,95 万,9694 元,0,,,VR看装修 | 房本满五年,https://dg.lianjia.com/ershoufang/105115476826.html
房子通透性好视野开阔装修保养九成新可直接拎包入住,"松湖春天 , 大岭山镇",3室2厅,97.16平米,北,精装,22层 ,,板塔结合,155 万,15954 元,0,,,VR看装修 | 房本满五年 | 随时看房,https://dg.lianjia.com/ershoufang/105121487266.html
业主自住保养好 南北对流看花园 中间楼层安静不吵~,"碧桂园珑远紫宸府 , 石碣镇",3室2厅,94.08平米,北,,22层 ,,板塔结合,98 万,10417 元,0,,,VR看装修 | 房本满五年,https://dg.lianjia.com/ershoufang/105118249825.html
此房精装修，采光通风十足，朝向好户型好,"金地格林上院 , 大岭山镇",3室2厅,81.96平米,西,精装,高楼层(共11层) ,,塔楼,85 万,10371 元,25,,,VR看装修 | 房本满五年,https://dg.lianjia.com/ershoufang/105107527901.html
临深临校区 朝南 精装修未入住,"凤岗碧桂园 , 凤岗镇",3室2厅,95.81平米,西南,精装,18层 ,,板塔结合,159.8 万,16679 元,0,,,VR看装修 | 房本满两年 | 随时看房,https://dg.lianjia.com/ershoufang/105117590432.html
丽景花园复式三房出售98万，精装修，,"丽景花园 , 常平镇",3室2厅,132.08平米,东南,,中楼层(共19层) ,,塔楼,98 万,7420 元,1,,,VR房源 | 房本满五年 | 随时看房,https://dg.lianjia.com/ershoufang/105120693180.html
华桂园117户型精装出售边户看别墅,"南峰华桂园 , 清溪镇",3室2厅,117.39平米,南,简装,18层 ,,板塔结合,170 万,14482 元,0,,,VR看装修 | 房本满五年 | 随时看房,https://dg.lianjia.com/ershoufang/105122210827.html
中惠悦峰 3室2厅 南,"中惠悦峰 , 新联",3室2厅,99.28平米,南,,高楼层(共11层) ,,塔楼,120 万,12088 元,0,,,VR看装修 | 房本满两年 | 随时看房,https://dg.lianjia.com/ershoufang/105121749855.html
中央豪庭 精装修三房 高楼层 安静 视野好 位置好,"中央豪庭 , 凤岗镇",3室2厅,83平米,南,精装,16层 ,,板塔结合,100 万,12049 元,5,,,VR看装修 | 房本满五年,https://dg.lianjia.com/ershoufang/105111257976.html
一线湖景房，高楼层，采光好，拎包入住，急售,"万科松湖传奇二期左岸 , 寮步",3室2厅,86.52平米,东南 南,简装,高楼层(共19层) ,,塔楼,108 万,12483 元,3,,,VR看装修 | 房本满五年 | 随时看房,https://dg.lianjia.com/ershoufang/105119697077.html
新天美地花园 2室1厅 西南,"新天美地花园 , 常平镇",2室1厅,77平米,西南,,低楼层(共21层) ,,板塔结合,55 万,7143 元,0,,,VR看装修 | 随时看房,https://dg.lianjia.com/ershoufang/105122138623.html
时富城东世家，小三房，朝东南，急卖,"时富花园 , 寮步",3室2厅,84.08平米,南,精装,高楼层(共11层) ,,板塔结合,106 万,12608 元,2,,,VR看装修 | 房本满五年 | 随时看房,https://dg.lianjia.com/ershoufang/105118216637.html
茶山保利锦城二期，配套齐全小区，交通方便,"保利锦城二期 , 茶山镇",4室2厅,130平米,南 北,简装,高楼层(共32层) ,,板塔结合,150 万,11539 元,0,,,VR看装修 | 房本满两年 | 随时看房,https://dg.lianjia.com/ershoufang/105116836781.html
卓越中寰地铁口物业。复式一房一厅。视野广采光好诚售,"卓越中寰 , 学院路",1室1厅,29.12平米,南,精装,18层 ,,板楼,30 万,10303 元,1,,,近地铁 | 房本满两年 | 随时看房,https://dg.lianjia.com/ershoufang/105120626690.html
房子一手业主诚意出售格局楼层好视野宽阔采光好,"万科首铸东江之星 , 宏远北",4室2厅,143.23平米,东南,精装,高楼层(共50层) ,,板楼,408 万,28486 元,0,,,VR看装修 | 房本满五年 | 随时看房,https://dg.lianjia.com/ershoufang/105120835603.html
精装电梯三房 朝东南 采光好 双阳台,"富怡花园 , 花园新村",3室2厅,129平米,南 北,精装,中楼层(共8层) ,,板塔结合,125 万,9690 元,2,,,VR看装修 | 房本满五年 | 随时看房,https://dg.lianjia.com/ershoufang/105115216569.html
3房2卫户型方正实用，配套齐全,"御城花园 , 塘厦镇",3室2厅,96.59平米,西南,毛坯,32层 ,,板塔结合,134 万,13874 元,2,,,VR看装修 | 房本满两年 | 随时看房,https://dg.lianjia.com/ershoufang/105117376927.html
虎门g有土地，新老莞人可买，70平上下三层，有露台,"东方中上一巷 , 黄河中心",2室2厅,70.32平米,南,精装,低楼层(共3层) ,,,36 万,5120 元,5,,,VR房源 | 房本满两年 | 随时看房,https://dg.lianjia.com/ershoufang/105120574489.html
保利3房中高楼层看花园 采光好 满五唯一 红本在手,"保利百合花园 , 凤岗镇",3室2厅,91平米,西北,简装,27层 ,,塔楼,133 万,14616 元,1,,,VR看装修 | 房本满五年 | 随时看房,https://dg.lianjia.com/ershoufang/105121831164.html
东正新河北路 3室1厅 东北,"东正新河北路 , 花园新村",3室1厅,81.32平米,东北,,6层 ,,,70 万,8608 元,0,,,VR看装修 | 房本满五年 | 随时看房,https://dg.lianjia.com/ershoufang/105122130369.html
虎门公园旁精装小两房出售 金色家园业主诚心出售,"金色家园 , 虎门公园",2室1厅,77.2平米,北,精装,高楼层(共30层) ,,塔楼,73 万,9456 元,1,,,VR房源 | 房本满五年,https://dg.lianjia.com/ershoufang/105120371499.html
翻新自住，保养新，高层视眼开阔,"飞龙山庄 , 黄河中心",3室2厅,129.66平米,东南,精装,高楼层(共16层) ,,塔楼,146 万,11261 元,1,,31天以前发布,VR房源 | 房本满两年 | 随时看房,https://dg.lianjia.com/ershoufang/105122254068.html
天虹旁东港城精装2房，南向，无欠款，产权清晰,"东港城(塘厦) , 塘厦镇",2室2厅,78.24平米,南,精装,29层 ,,板塔结合,62 万,7925 元,2,,,VR看装修 | 房本满五年 | 随时看房,https://dg.lianjia.com/ershoufang/105120554929.html
东城富怡物业电梯3房2厅 通风采光好 看房方便,"富怡物业 , 花园新村",3室2厅,126平米,东南,简装,高楼层(共9层) ,,塔楼,68 万,5397 元,1,,,VR看装修 | 房本满五年,https://dg.lianjia.com/ershoufang/105120208770.html
都市华府 三房两卫带一个大平台 南北通户型,"都市华府 , 常平镇",3室2厅,86.55平米,南,,25层 ,,塔楼,128 万,14790 元,1,,,VR看装修 | 房本满五年,https://dg.lianjia.com/ershoufang/105118361439.html
小区开发商是金地集团 建筑质量有保障，物业为金地物,"金地·艺境水岸 , 石美",2室1厅,49.62平米,东,,高楼层(共30层) ,,塔楼,34 万,6853 元,1,,,随时看房,https://dg.lianjia.com/ershoufang/105121765261.html
莞城金峰堡  143平四房两厅  采光好  中楼层  朝南,"金峰堡大厦 , 东平街",4室2厅,142.87平米,南,,中楼层(共16层) ,,塔楼,145 万,10150 元,1,,,VR看装修 | 随时看房,https://dg.lianjia.com/ershoufang/105120968591.html
丽景花园复式三房出售98万，精装修，,"丽景花园 , 常平镇",3室2厅,132.08平米,东南,,中楼层(共19层) ,,塔楼,98 万,7420 元,1,,,VR房源 | 房本满五年 | 随时看房,https://dg.lianjia.com/ershoufang/105120693180.html
时代香海彼岸 好楼层 大3房 业主想尽快出手,"时代香海彼岸1期 , 道滘镇",3室1厅,96.91平米,南,精装,高楼层(共24层) ,,板楼,138 万,14241 元,0,,,VR看装修 | 房本满五年 | 随时看房,https://dg.lianjia.com/ershoufang/105117575206.html
精装修花园小区，两房诚意出售，看房方便.,"万科城市之光 , 虎门公园",2室1厅,40.4平米,南 北,精装,高楼层(共31层) ,,塔楼,60 万,14852 元,0,,,房本满五年,https://dg.lianjia.com/ershoufang/105119204278.html
长安虎门买房看柏龙湾 次新房 户型好,"柏龙湾 , 大宁",4室2厅,127.49平米,南,,中楼层(共17层) ,,塔楼,218 万,17100 元,0,,,VR看装修 | 随时看房,https://dg.lianjia.com/ershoufang/105122192259.html
佳兆业东江豪门三房出售精装修中高楼层视野旷阔,"佳兆业东江豪门 , 企石镇",3室2厅,89.36平米,南,,中楼层(共22层) ,,塔楼,79 万,8841 元,0,,,VR看装修 | 房本满五年 | 随时看房,https://dg.lianjia.com/ershoufang/105121285582.html
户型好，采光好，产权清晰，价格不贵,"清溪碧桂园翡翠湾2期 , 清溪镇",3室1厅,106平米,东南,精装,低楼层(共31层) ,,塔楼,168 万,15850 元,0,,,VR房源,https://dg.lianjia.com/ershoufang/105120621347.html
万科城中间楼层四房出售 诚心卖 产权清晰,"南部湾万科城 , 大宁",4室2厅,118.92平米,西南,,中楼层(共34层) ,,塔楼,235 万,19762 元,0,,,VR看装修,https://dg.lianjia.com/ershoufang/105121758430.html
虎门滨海城 4室1厅 东南,"虎门滨海城 , 新联",4室1厅,123.88平米,东南,简装,18层 ,,塔楼,235 万,18970 元,0,,,VR房源 | 房本满两年 | 随时看房,https://dg.lianjia.com/ershoufang/105121522524.html
满五唯一 无个税 不欠款 过户快 。正规两居 格局合理,"庄士新都 , 沙田镇",2室2厅,73.17平米,南,精装,7层 ,,塔楼,42 万,5741 元,1,,,VR看装修 | 房本满五年 | 随时看房,https://dg.lianjia.com/ershoufang/105120841185.html
金美花园楼楼的2房格局好，实用面积大，价格还美丽,"金美花园 , 常平镇",2室2厅,73平米,东北,简装,6层 ,,板楼,49 万,6713 元,0,,,VR看装修 | 房本满五年,https://dg.lianjia.com/ershoufang/105119752824.html
新天美地花园高层南北对流三房出售,"新天美地花园 , 常平镇",3室2厅,92.8平米,西北,精装,高楼层(共21层) ,,板塔结合,86 万,9268 元,1,,,VR看装修 | 房本满五年 | 随时看房,https://dg.lianjia.com/ershoufang/105113398653.html
急售礼顿127平四房二卫小区中间位置楼层好宜居,"礼顿金御海湾 , 沙田镇",4室2厅,128.89平米,南,毛坯,中楼层(共17层) ,,板塔结合,99 万,7681 元,2,,,VR看装修 | 房本满五年 | 随时看房,https://dg.lianjia.com/ershoufang/105119090997.html
保利东岸大四房，双阳台南北通透，拎包入住,"保利锦城二期 , 茶山镇",4室2厅,130.92平米,南 北,,低楼层(共32层) ,,板塔结合,167 万,12756 元,1,,,VR看装修 | 房本满五年 | 随时看房,https://dg.lianjia.com/ershoufang/105121663702.html
"房子视野景观好视野开阔，户型采光好,房子全新没住过","保利心语花园 , 寮步",3室2厅,80.08平米,北,,中楼层(共28层) ,,塔楼,115 万,14361 元,0,,,VR看装修 | 房本满五年 | 随时看房,https://dg.lianjia.com/ershoufang/105121557168.html
金域名苑  电梯三房 朝南 户型方正,"金域名苑 , 东莞行政中心区",3室2厅,137.26平米,南,简装,低楼层(共20层) ,,塔楼,160 万,11657 元,0,,,VR房源 | 房本满五年 | 随时看房,https://dg.lianjia.com/ershoufang/105119380643.html
汇景城市中心一房 业主诚意出售中,"汇景城市中心 , 樟木头镇",1室0厅,45.8平米,北,简装,中楼层(共18层) ,,板楼,38 万,8297 元,0,,20天以前发布,随时看房,https://dg.lianjia.com/ershoufang/105122357979.html
大平层，使用率高。朝南看别墅区,"世纪城国际公馆四期香榭里 , 西平",5室1厅,191平米,东南,毛坯,中楼层(共16层) ,,板塔结合,530 万,27749 元,1,,,VR房源 | 房本满五年 | 随时看房,https://dg.lianjia.com/ershoufang/105120737369.html
房子装修保养好，采光通风好，出行方便,"凤安大厦 , 凤岗镇",2室2厅,82.95平米,南,简装,16层 ,,塔楼,69 万,8319 元,0,,,VR看装修 | 房本满五年,https://dg.lianjia.com/ershoufang/105117186751.html
佳兆业碧海云天 一线海景 户型方正 高楼层 无欠款急售,"碧海云天 , 沙田镇",4室2厅,138.92平米,南,毛坯,中楼层(共33层) ,,塔楼,130 万,9358 元,0,,,VR看装修 | 房本满五年 | 随时看房,https://dg.lianjia.com/ershoufang/105116978963.html
江滨花园四期，户型方正，采光好，适合宜居。,"江滨花园四期 , 华南摩尔",3室2厅,85.5平米,东北,精装,中楼层(共8层) ,,塔楼,68.8 万,8047 元,5,,,VR房源 | 房本满五年,https://dg.lianjia.com/ershoufang/105118653079.html
江滨花园五期，方正户型，东南朝向，看花园,"江滨花园五期 , 华南摩尔",3室2厅,89.51平米,东南,简装,中楼层(共8层) ,,塔楼,88.8 万,9921 元,2,,,VR看装修 | 房本满五年 | 随时看房,https://dg.lianjia.com/ershoufang/105120827528.html
万科第五城全屋定制柜子，未入住过，楼层好,"万科第五城 , 高埗镇",3室2厅,92.8平米,西南,精装,34层 ,,板楼,139 万,14979 元,1,,,VR看装修 | 房本满两年 | 随时看房,https://dg.lianjia.com/ershoufang/105121193768.html
三元里大厦两房一厅出售，出行购物方便。,"三元大厦 , 三元里",2室1厅,72.9平米,东南,简装,低楼层(共14层) ,,塔楼,55 万,7545 元,0,,,VR看装修 | 房本满五年 | 随时看房,https://dg.lianjia.com/ershoufang/105119701262.html
湖景大三房.南北通透.无欠款.诚心出售,"金地博登湖三期澜庭 , 塘厦镇",3室2厅,117.59平米,南 北,精装,29层 ,,塔楼,173 万,14713 元,0,,,VR看装修 | 随时看房,https://dg.lianjia.com/ershoufang/105120326756.html
总价低 电梯三房 入则宁静出则繁华,"兰苑大厦 , 黄河中心",3室2厅,93.52平米,南,简装,低楼层(共17层) ,,板塔结合,54.5 万,5828 元,4,,,VR看装修 | 房本满五年,https://dg.lianjia.com/ershoufang/105115802292.html
运河路103平精装三房 莞城户口 前后大阳台,"沿河路水利局宿舍 , 运河东",3室2厅,103平米,南,精装,中楼层(共6层) ,,,80 万,7767 元,5,,,VR看装修 | 房本满五年 | 随时看房,https://dg.lianjia.com/ershoufang/105121118656.html
全新装修的带露台南北对流 随时可以看 华师,"光大景湖春天 , 火炼树",3室2厅,112.21平米,南,,中楼层(共5层) ,,塔楼,190 万,16933 元,1,,13天以前发布,VR房源 | 房本满五年,https://dg.lianjia.com/ershoufang/105122434126.html
业主诚意出售  高楼层景观好 新装修环保材料,"鼎峰尚境北园 , 寮步",4室2厅,137.42平米,南,精装,高楼层(共31层) ,,塔楼,330 万,24014 元,0,,,VR看装修 | 房本满五年,https://dg.lianjia.com/ershoufang/105119494592.html
虎门一号 天虹旁单间笋盘 业主急卖,"虎门一号 , 地标",1室0厅,36.36平米,东,精装,中楼层(共11层) ,,塔楼,30 万,8251 元,3,,,VR看装修 | 房本满五年,https://dg.lianjia.com/ershoufang/105116836156.html
满五唯一 ！业主诚心出售！自住 看房方便！,"希尔顿广场 , 鸿福路口",2室1厅,84.59平米,西南,,中楼层(共14层) ,,塔楼,115 万,13595 元,0,,,VR看装修 | 房本满五年 | 随时看房,https://dg.lianjia.com/ershoufang/105122084329.html
华凯豪庭 高层三房两卫 户型格局方正 小区旺中带静,"华凯豪庭 , 东莞行政中心区",3室2厅,113.33平米,北,精装,高楼层(共23层) ,,塔楼,186 万,16413 元,2,,8天以前发布,近地铁 | VR房源 | 房本满五年,https://dg.lianjia.com/ershoufang/105122492837.html
万江北大资源御湾  高层三房 看江景 业主诚心出售,"北大资源御湾 , 华南摩尔",3室1厅,90.27平米,东北,,高楼层(共32层) ,,塔楼,139.8 万,15487 元,2,,,VR看装修 | 房本满五年,https://dg.lianjia.com/ershoufang/105112841286.html
精英名都三房靓丽整洁喜欢pick美时光小王,"精英名都 , 南城车站",3室1厅,91.25平米,东南,,低楼层(共16层) ,,板塔结合,130 万,14247 元,1,,,VR看装修 | 房本满五年,https://dg.lianjia.com/ershoufang/105116459618.html
此房满五 南向对花园 彩光通风好 业主急售,"江滨花园一期 , 华南摩尔",3室2厅,100.5平米,西南,简装,高楼层(共8层) ,,塔楼,79 万,7861 元,1,,,VR看装修 | 房本满两年 | 随时看房,https://dg.lianjia.com/ershoufang/105113707296.html
电梯三房，带露台花园，户型方正,"江滨花园一期 , 华南摩尔",3室2厅,97平米,西南,,中楼层(共7层) ,,塔楼,86 万,8866 元,0,,,VR房源,https://dg.lianjia.com/ershoufang/105122181642.html
万江CBD毛坯三房，可塑性强，价格美丽。,"北大资源御湾 , 华南摩尔",3室2厅,97.87平米,南,精装,低楼层(共33层) ,,塔楼,168 万,17166 元,2,,,VR看装修 | 随时看房,https://dg.lianjia.com/ershoufang/105111304052.html
未来世界花园二期小三房 稀有带阳台且朝南户型,"未来世界花园 , 西平",3室2厅,67.02平米,东南,精装,低楼层(共17层) ,,板楼,126 万,18801 元,1,,,近地铁 | VR房源 | 房本满五年 | 随时看房,https://dg.lianjia.com/ershoufang/105121993359.html
网红小区 二期朝南看花园 通风采光好 楼层巴适 便宜卖,"碧桂园苹果 , 上下桥",2室1厅,29.15平米,南,精装,高楼层(共12层) ,,塔楼,27 万,9263 元,0,,20天以前发布,随时看房,https://dg.lianjia.com/ershoufang/105122355336.html
碧桂园精装三房朝花园，大客厅视野好,"碧桂园天麓山一期 , 塘厦镇",3室2厅,96.83平米,南,精装,24层 ,,板塔结合,90 万,9295 元,0,,,VR看装修 | 房本满五年 | 随时看房,https://dg.lianjia.com/ershoufang/105117739317.html
桥头鸿华尚城三房二厅二卫低价出售户型光线好,"鸿华I尚城 , 企石镇",3室1厅,89.32平米,西北,毛坯,低楼层(共23层) ,,板塔结合,68 万,7614 元,1,,,VR看装修 | 房本满五年 | 随时看房,https://dg.lianjia.com/ershoufang/105117873162.html
店长推荐  沙田碧桂园安静笋三房 低楼层,"沙田碧桂园滨江豪园 , 沙田镇",3室2厅,86.79平米,北,精装,25层 ,,板楼,85.8 万,9886 元,1,,30天以前发布,VR看装修 | 随时看房,https://dg.lianjia.com/ershoufang/105122268190.html
此房业主是花30万装修的，可拎包入住。楼层好无遮挡,"凯晟景园 , 石井",3室2厅,107平米,南,精装,低楼层(共26层) ,,板塔结合,255 万,23832 元,0,,,VR房源 | 房本满五年 | 随时看房,https://dg.lianjia.com/ershoufang/105120316924.html
此房视野好，满五唯一，业主诚心出售,"华艺海滨花园 , 黄河中心",3室2厅,84.37平米,西北,简装,中楼层(共23层) ,,塔楼,68 万,8060 元,0,,,VR房源 | 房本满五年 | 随时看房,https://dg.lianjia.com/ershoufang/105121594577.html
罗沙市场整栋 大宅带一个大院子,"罗沙鸿兴路一巷 , 罗沙",7室3厅,241.51平米,东南,,低楼层(共3层) ,,,200 万,8282 元,5,,,VR房源 | 房本满两年 | 随时看房,https://dg.lianjia.com/ershoufang/105119593795.html
卓越中寰地铁口物业。复式一房一厅。视野广采光好诚售,"卓越中寰 , 学院路",1室1厅,29.12平米,南,精装,18层 ,,板楼,30 万,10303 元,1,,,近地铁 | 房本满两年 | 随时看房,https://dg.lianjia.com/ershoufang/105120626690.html
茶山保利锦城二期，配套齐全小区，交通方便,"保利锦城二期 , 茶山镇",4室2厅,130平米,南 北,简装,高楼层(共32层) ,,板塔结合,150 万,11539 元,0,,,VR看装修 | 房本满两年 | 随时看房,https://dg.lianjia.com/ershoufang/105116836781.html
"诚意出售，看中可谈，户型好，,采光不影响，","招商雍景湾 , 横沥镇",4室2厅,117.79平米,东南 北,精装,29层 ,,板塔结合,169 万,14348 元,0,,,VR看装修 | 房本满两年 | 随时看房,https://dg.lianjia.com/ershoufang/105121885656.html
3房2卫户型方正实用，配套齐全,"御城花园 , 塘厦镇",3室2厅,96.59平米,西南,毛坯,32层 ,,板塔结合,134 万,13874 元,2,,,VR看装修 | 房本满两年 | 随时看房,https://dg.lianjia.com/ershoufang/105117376927.html
虎门公园旁精装小两房出售 金色家园业主诚心出售,"金色家园 , 虎门公园",2室1厅,77.2平米,北,精装,高楼层(共30层) ,,塔楼,73 万,9456 元,1,,,VR房源 | 房本满五年,https://dg.lianjia.com/ershoufang/105120371499.html
尚书悦府  精装修 保养好 户型好南北通透 可怜包入住,"尚书悦府 , 宏远北",3室2厅,90.05平米,南 北,精装,高楼层(共17层) ,,板塔结合,168 万,18657 元,1,,,VR看装修 | 房本满五年 | 随时看房,https://dg.lianjia.com/ershoufang/105120633935.html
香樟1号 3室1厅 东北,"香樟1号 , 樟木头镇",3室1厅,104.27平米,东北,精装,中楼层(共22层) ,,板塔结合,138 万,13235 元,0,,,VR房源 | 房本满五年 | 随时看房,https://dg.lianjia.com/ershoufang/105120604502.html
不怕比价，急售 急售  南北通4房,"罗马景苑逸景湾 , 横沥镇",4室1厅,131.01平米,南,精装,中楼层(共20层) ,,塔楼,96 万,7328 元,1,,,VR房源 | 房本满五年,https://dg.lianjia.com/ershoufang/105121245236.html
中央豪庭 精装修三房 高楼层 安静 视野好 位置好,"中央豪庭 , 凤岗镇",3室2厅,83平米,南,精装,16层 ,,板塔结合,100 万,12049 元,5,,,VR看装修 | 房本满五年,https://dg.lianjia.com/ershoufang/105111257976.html
精装修三房 采光好 全新未入住,"万科汉邦松湖半岛 , 松山湖",3室2厅,75.47平米,东南,精装,18层 ,,板塔结合,128 万,16961 元,12,,,VR看装修 | 随时看房,https://dg.lianjia.com/ershoufang/105119479260.html
万达商圈金地琥悦绿化高的花园小区方正精装三房,"金地琥悦 , 万达",3室2厅,99.57平米,东南 南,精装,低楼层(共15层) ,,板塔结合,165 万,16572 元,0,,,VR看装修 | 房本满五年,https://dg.lianjia.com/ershoufang/105121332466.html
天钻新上好房！全新三房急售随时可看,"松湖碧桂园·天钻 , 大岭山镇",3室2厅,97.51平米,南,,高楼层(共31层) ,,塔楼,159 万,16307 元,0,,,VR看装修 | 随时看房,https://dg.lianjia.com/ershoufang/105121704971.html
价格便宜，室内重新装修过 保养挺不错,"虎门一号 , 地标",1室1厅,36.36平米,南,精装,低楼层(共11层) ,,塔楼,26 万,7151 元,0,,13天以前发布,VR房源 | 随时看房,https://dg.lianjia.com/ershoufang/105122435073.html
新城市花园 两房带花园 全新装修 可种菜 养鱼,"新城市花园一期 , 常平镇",2室1厅,72.5平米,东南,精装,低楼层(共7层) ,,板塔结合,60 万,8276 元,0,,,VR房源 | 随时看房,https://dg.lianjia.com/ershoufang/105121637141.html
恒大御湖通车库两房 中楼层，装修好，诚意卖房,"百悦尚城三期恒大御湖 , 南城车站",2室1厅,87.45平米,西南,精装,中楼层(共18层) ,,板塔结合,150 万,17153 元,0,,,VR房源 | 房本满五年,https://dg.lianjia.com/ershoufang/105122068992.html
瓷砖到顶大三房两卫，无抵押，税费低，价格可谈,"长裕棕榈园 , 横沥镇",3室2厅,122.03平米,北,简装,16层 ,,塔楼,110 万,9015 元,1,,,VR看装修 | 房本满五年,https://dg.lianjia.com/ershoufang/105117644283.html
户型方正，通风好，采光佳，业主诚心卖,"金地博登湖三期澜庭 , 塘厦镇",3室2厅,101平米,南,,29层 ,,板塔结合,145 万,14357 元,0,,,VR房源 | 房本满五年,https://dg.lianjia.com/ershoufang/105119838643.html
虎门天虹楼上二期三房 保养好诚意出售,"地标广场 , 地标",3室2厅,90.98平米,南,精装,16层 ,,板塔结合,178 万,19565 元,0,,,VR看装修 | 房本满五年 | 随时看房,https://dg.lianjia.com/ershoufang/105121708820.html
满五唯一无欠款，采光充足东南朝向,"东方银座中心城 , 大朗镇",1室1厅,39.36平米,东南,,中楼层(共22层) ,,板塔结合,15 万,3811 元,0,,8天以前发布,房本满五年 | 随时看房,https://dg.lianjia.com/ershoufang/105122489719.html
联华花园城98平三房 格局装修保养好业主诚意出售,"联华花园城 , 上下桥",3室1厅,98.93平米,北,精装,中楼层(共17层) ,,板塔结合,130 万,13141 元,0,,8天以前发布,VR房源,https://dg.lianjia.com/ershoufang/105122492349.html
小区环境好，配套齐全，户型通透，通风效果好,"万达华府 , 万达",1室1厅,52平米,东南,精装,低楼层(共28层) ,,板塔结合,33 万,6347 元,6,,,随时看房,https://dg.lianjia.com/ershoufang/105113210968.html
滨海湾新区，天虹商圈，精装2房2厅诚意出售。,"地标广场 , 地标",2室1厅,78.44平米,南,精装,28层 ,,板塔结合,140 万,17849 元,3,,,VR看装修 | 房本满五年 | 随时看房,https://dg.lianjia.com/ershoufang/105110495246.html
东海城堡内比较少的一楼带花园的复式房，三房做6房,"丰泰东海城堡 , 新联",6室2厅,102.08平米,东南 南,精装,低楼层(共15层) ,,板塔结合,230 万,22532 元,2,,,VR房源 | 房本满五年,https://dg.lianjia.com/ershoufang/105115587237.html
中高楼层 阳台朝花园 采光通风好 地铁口 交通便利,"万科金悦香树 , 南城车站",3室2厅,95.66平米,西北,简装,高楼层(共24层) ,,塔楼,180 万,18817 元,0,,,VR看装修 | 房本满五年 | 随时看房,https://dg.lianjia.com/ershoufang/105116730839.html
湖山大境3期墅景电梯洋房，业主诚心卖，价格可谈,"金地湖山大境三期 , 黄江镇",3室2厅,102.82平米,南,毛坯,12层 ,,塔楼,125 万,12158 元,1,,25天以前发布,VR看装修 | 房本满五年 | 随时看房,https://dg.lianjia.com/ershoufang/105122316133.html
翠珑湾南北通透大三房 业主诚心出售,"星城翠珑湾三期 , 寮步",3室2厅,115.86平米,南 北,精装,高楼层(共29层) ,,塔楼,238 万,20543 元,0,,,VR看装修 | 房本满五年,https://dg.lianjia.com/ershoufang/105115902412.html
金泽花园三房，高层，带租约出售,"金泽花园 , 东平街",3室1厅,120.05平米,南,精装,19层 ,,塔楼,150 万,12495 元,4,,,近地铁 | VR看装修 | 房本满两年 | 随时看房,https://dg.lianjia.com/ershoufang/105112541014.html
二期低楼层看游泳池看大花园精装修,"东城中心 , 黄旗山",2室2厅,109平米,东南,精装,低楼层(共8层) ,,塔楼,116 万,10643 元,1,,26天以前发布,近地铁 | VR看装修 | 房本满五年 | 随时看房,https://dg.lianjia.com/ershoufang/105122311693.html
方正3房 地铁口物业 业主诚心出售,"东城中心 , 黄旗山",3室2厅,120平米,南,简装,低楼层(共8层) ,,塔楼,120 万,10000 元,2,,,近地铁 | VR房源 | 随时看房,https://dg.lianjia.com/ershoufang/105121297088.html
东南向看花园跃式户型高档装修诚意出手,"雍华庭 , 东平街",3室2厅,139.7平米,东南,,中楼层(共11层) ,,塔楼,230 万,16464 元,0,,,近地铁 | VR房源 | 随时看房,https://dg.lianjia.com/ershoufang/105121203088.html
招商雍景湾四房两卫双阳台，业主诚意出售！,"招商雍景湾 , 横沥镇",4室2厅,117.54平米,西北,,低楼层(共27层) ,,板塔结合,185 万,15740 元,0,,,VR看装修 | 房本满两年,https://dg.lianjia.com/ershoufang/105122036829.html
户型方正， 业主置换急售，全屋定制，轻奢风格,"圣河西E号 , 白马",3室2厅,80.49平米,东南,精装,高楼层(共24层) ,,塔楼,162 万,20127 元,0,,,VR看装修 | 房本满五年,https://dg.lianjia.com/ershoufang/105116999405.html
沁林山庄美墅一楼 上下两层带私家花园和车库 户型方正,"中惠沁林山庄 , 大岭山镇",3室2厅,142.11平米,南,精装,低楼层(共4层) ,,板楼,280 万,19704 元,0,,,VR看装修 | 房本满五年,https://dg.lianjia.com/ershoufang/105118974390.html
沙田碧桂园 中层两房 诚售 看房约,"沙田碧桂园滨江豪园 , 沙田镇",2室2厅,81.29平米,西南,,27层 ,,板塔结合,76 万,9350 元,2,,,VR看装修 | 房本满五年,https://dg.lianjia.com/ershoufang/105118513020.html
丰泰华园山庄 3室2厅 东南,"丰泰华园山庄 , 新联",3室2厅,100.26平米,东南,精装,19层 ,,板塔结合,115 万,11471 元,1,,,VR看装修 | 房本满五年,https://dg.lianjia.com/ershoufang/105122133347.html
莞城2房2厅  生活配套完善  业主诚心售卖,"泰景花园 , 运河东",2室1厅,70.4平米,西南,,11层 ,,塔楼,86 万,12216 元,0,,,VR房源 | 房本满两年,https://dg.lianjia.com/ershoufang/105122144529.html
朝南 侨信云起 精装修 3房2卫 看房方便,"侨信云起 , 塘厦镇",3室2厅,99.42平米,西南,精装,12层 ,,板楼,170 万,17100 元,0,,,VR房源 | 房本满两年 | 随时看房,https://dg.lianjia.com/ershoufang/105122005471.html
一楼带前后花园  对小区广场  正南向,"中信森林湖兰溪谷 , 水濂山",4室2厅,145.92平米,南,毛坯,低楼层(共30层) ,,塔楼,420 万,28783 元,2,,,VR房源 | 房本满五年,https://dg.lianjia.com/ershoufang/105120894337.html
深惠城际800米 锦龙湾畔3期 南向3房 价格空谈,"锦龙湾畔三期 , 凤岗镇",3室2厅,86.22平米,南,,17层 ,,板塔结合,125 万,14498 元,0,,,VR房源 | 房本满五年 | 随时看房,https://dg.lianjia.com/ershoufang/105121868296.html
清溪大绿地凤凰花园 精装大2房 急售 高层 南向,"大绿地凤凰花园 , 清溪镇",2室2厅,93.2平米,东 东南 南,精装,中楼层(共17层) ,,板塔结合,98 万,10516 元,0,,,VR看装修 | 房本满五年 | 随时看房,https://dg.lianjia.com/ershoufang/105121625228.html
水岸水星城复式两房，装修之后，一样的温馨美丽！,"碧桂园水岸星城 , 横沥镇",2室1厅,27.38平米,南,,低楼层(共12层) ,,板塔结合,22 万,8036 元,0,,,房本满五年 | 随时看房,https://dg.lianjia.com/ershoufang/105121925440.html
此房楼层好 近公园 三甲医院 诚意急售,"能源华庄 , 黄河中心",6室2厅,230平米,西北 北,简装,高楼层(共21层) ,,板塔结合,230 万,10000 元,2,,,VR房源 | 随时看房,https://dg.lianjia.com/ershoufang/105113764404.html
别墅小区 朝南复式 户型方正实用 可塑性强,"杏花村 , 谢岗镇",4室2厅,196.15平米,南,毛坯,5层 ,,板楼,135 万,6883 元,0,,,VR房源 | 房本满五年 | 随时看房,https://dg.lianjia.com/ershoufang/105118754286.html
滨海湾新区，靠海洋房，户型方正，价格优惠,"金湾花园 , 太平广场",2室1厅,63.16平米,南,,低楼层(共7层) ,,塔楼,43.8 万,6935 元,3,,,VR看装修 | 房本满两年,https://dg.lianjia.com/ershoufang/105111964928.html
佳嘉豪园精装大3房 业主自住 诚心出售,"佳嘉豪园 , 凤岗镇",3室2厅,92.53平米,南,简装,24层 ,,板塔结合,110 万,11889 元,1,,,VR看装修 | 房本满五年 | 随时看房,https://dg.lianjia.com/ershoufang/105119405744.html
大岭山金地格林上院地铁口阔绰大两房楼下地铁口,"金地格林上院 , 大岭山镇",2室2厅,77.14平米,东 北,精装,中楼层(共18层) ,,塔楼,88 万,11408 元,0,,,VR看装修 | 房本满五年,https://dg.lianjia.com/ershoufang/105122066224.html
奶油风格高层精装修三房两厅两卫，南北对流,"中熙玖颂江湾 , 石碣镇",3室2厅,96.87平米,南 北,精装,中楼层(共31层) ,,塔楼,135 万,13937 元,1,,,VR看装修 | 房本满五年 | 随时看房,https://dg.lianjia.com/ershoufang/105121827372.html
天一城大润发一路之隔，交通方便，环境好，朝南，,"长虹百荟 , 樟木头镇",3室2厅,91.87平米,南,精装,18层 ,,板塔结合,86 万,9362 元,1,,,VR看装修 | 房本满五年 | 随时看房,https://dg.lianjia.com/ershoufang/105113222872.html
碧桂园复式精装公寓，可住人可办公，采光好,"碧桂园水岸星城 , 横沥镇",2室1厅,40.62平米,东南,精装,中楼层(共12层) ,,板塔结合,35 万,8617 元,1,,,房本满五年,https://dg.lianjia.com/ershoufang/105119431329.html
沃多夫单间精装修，中间楼层，看莲花山，采光视野好,"沃多夫风临公馆 , 咸西",1室0厅,44.39平米,北,,33层 ,,塔楼,58 万,13067 元,1,,,VR房源 | 房本满五年 | 随时看房,https://dg.lianjia.com/ershoufang/105120129781.html
"诚意出售，看中可谈，户型好，,采光不影响，","招商雍景湾 , 横沥镇",4室2厅,117.79平米,东南 北,精装,29层 ,,板塔结合,169 万,14348 元,0,,,VR看装修 | 房本满两年 | 随时看房,https://dg.lianjia.com/ershoufang/105121885656.html
小区小高层三房，景观好，采光好。,"利澳花园 , 沙田镇",3室2厅,95.39平米,西南,简装,高楼层(共6层) ,,板塔结合,52 万,5452 元,4,,,VR看装修 | 房本满五年 | 随时看房,https://dg.lianjia.com/ershoufang/105119154840.html
一线湖景房，高楼层，采光好，拎包入住，急售,"万科松湖传奇二期左岸 , 寮步",3室2厅,86.52平米,东南 南,简装,高楼层(共19层) ,,塔楼,108 万,12483 元,3,,,VR看装修 | 房本满五年 | 随时看房,https://dg.lianjia.com/ershoufang/105119697077.html
新天美地花园 2室1厅 西南,"新天美地花园 , 常平镇",2室1厅,77平米,西南,,低楼层(共21层) ,,板塔结合,55 万,7143 元,0,,,VR看装修 | 随时看房,https://dg.lianjia.com/ershoufang/105122138623.html
莞城教育合和大厦电梯房，三房两厅 业主诚意出售。,"合和大厦 , 运河东",3室2厅,108平米,东北,,低楼层(共26层) ,,板塔结合,110 万,10186 元,0,,,VR看装修,https://dg.lianjia.com/ershoufang/105121820994.html
精装修三房 满五唯一免双税  南北对流,"名巨中央花园 , 横沥镇",3室2厅,93.12平米,西北,,28层 ,,塔楼,99.8 万,10718 元,0,,,VR看装修 | 房本满五年 | 随时看房,https://dg.lianjia.com/ershoufang/105113522651.html
临深临校区 朝南 精装修未入住,"凤岗碧桂园 , 凤岗镇",3室2厅,95.81平米,西南,精装,18层 ,,板塔结合,159.8 万,16679 元,0,,,VR看装修 | 房本满两年 | 随时看房,https://dg.lianjia.com/ershoufang/105117590432.html
华桂园117户型精装出售边户看别墅,"南峰华桂园 , 清溪镇",3室2厅,117.39平米,南,简装,18层 ,,板塔结合,170 万,14482 元,0,,,VR看装修 | 房本满五年 | 随时看房,https://dg.lianjia.com/ershoufang/105122210827.html
松山湖北寮步万科松湖传奇南向温馨2房安静看花园急卖,"万科松湖传奇 , 寮步",2室2厅,64.89平米,南,精装,低楼层(共34层) ,,板塔结合,76 万,11713 元,4,,,VR房源 | 房本满五年 | 随时看房,https://dg.lianjia.com/ershoufang/105116624550.html
东城万达旁 天宝站边上 碧桂园物业 精装方正3居室,"碧桂园ParkRoyal公馆 , 学院路",3室2厅,97.08平米,北,精装,中楼层(共30层) ,,塔楼,85 万,8756 元,4,,,近地铁 | 随时看房,https://dg.lianjia.com/ershoufang/105121419317.html
道滘精品复式小户型两房，实用面积60平方，空间实用。,"时代香海彼岸4期 , 道滘镇",2室2厅,40.74平米,北,毛坯,高楼层(共20层) ,,板塔结合,18 万,4419 元,0,,,房本满两年 | 随时看房,https://dg.lianjia.com/ershoufang/105119102695.html
南部湾高楼层全新未入住4房，诚售,"南部湾万科城 , 大宁",4室1厅,118.87平米,东南,简装,高楼层(共34层) ,,板塔结合,232 万,19518 元,1,,,VR房源 | 房本满五年 | 随时看房,https://dg.lianjia.com/ershoufang/105122005355.html
神洲大厦电梯大户型四房出售，采光通风好,"神洲大厦 , 虎门公园",4室2厅,146.98平米,东南,精装,中楼层(共12层) ,,塔楼,125 万,8505 元,1,,,VR看装修 | 房本满五年 | 随时看房,https://dg.lianjia.com/ershoufang/105120955371.html
高层朝东采光好  毛坯清水房  满五唯一没欠款,"联佳大厦 , 东莞行政中心区",2室2厅,95.85平米,东,毛坯,高楼层(共23层) ,,塔楼,150 万,15650 元,2,,,近地铁 | VR看装修 | 随时看房,https://dg.lianjia.com/ershoufang/105120854259.html
嘉誉中高层，看花园的，大四房，安静宜居。,"碧桂园信鸿嘉誉2期 , 麻涌镇",4室2厅,140.55平米,北 南,,17层 ,,塔楼,160 万,11384 元,0,,,VR看装修 | 房本满五年 | 随时看房,https://dg.lianjia.com/ershoufang/105120051438.html
花小旁富雅花园电梯2房精装修 通风采光好,"富雅花园 , 花园新村",2室1厅,61.8平米,西南,,12层 ,,塔楼,68 万,11004 元,0,,18天以前发布,VR房源 | 房本满两年,https://dg.lianjia.com/ershoufang/105122370224.html
产权清晰，高楼层采光视野好，配套完善,"美好名流印象花园三期 , 凤岗镇",3室2厅,88.97平米,南,简装,29层 ,,板塔结合,125 万,14050 元,1,,,VR房源 | 房本满五年 | 随时看房,https://dg.lianjia.com/ershoufang/105121398058.html
此房满五不唯一 户型方正 阳台方正,"清华居 , 水濂山",4室2厅,160.44平米,东南,,中楼层(共10层) ,,板楼,360 万,22439 元,0,,,VR看装修 | 随时看房,https://dg.lianjia.com/ershoufang/105121783118.html
舒适大横厅 品牌定制衣柜 改善四房,"卓越弥敦道 , 石碣镇",4室2厅,112.67平米,西南,,低楼层(共32层) ,,板楼,135 万,11982 元,0,,,VR看装修 | 房本满两年 | 随时看房,https://dg.lianjia.com/ershoufang/105120312350.html
国贸商圈板块，生活便利，配套齐全，通风采光良好，,"东泰花园风云汇 , 东泰",2室1厅,74.44平米,南,简装,中楼层(共13层) ,,板塔结合,82 万,11016 元,0,,,VR看装修 | 房本满两年 | 随时看房,https://dg.lianjia.com/ershoufang/105122188051.html
旗峰地铁口 万科精装1房 业主诚心急售 高层朝南采光好,"万科中心 , 黄旗山",1室1厅,31.31平米,东南,精装,中楼层(共28层) ,,板楼,25 万,7985 元,0,,,近地铁 | 房本满五年 | 随时看房,https://dg.lianjia.com/ershoufang/105121788841.html
二区三房，东南看小区，楼层好，位置好,"南部湾万科城 , 大宁",3室2厅,94.5平米,东南,,34层 ,,塔楼,170 万,17990 元,0,,,VR看装修 | 房本满五年,https://dg.lianjia.com/ershoufang/105119243942.html
满五唯一免双税 南向三房 带一个公共200多平大平台,"光大景湖湾畔 , 宏远南",3室2厅,103.26平米,南,精装,低楼层(共11层) ,,板塔结合,180 万,17432 元,3,,,VR看装修 | 房本满五年 | 随时看房,https://dg.lianjia.com/ershoufang/105119575178.html
临深小区汉邦雍景居98平4房2卫毛坯，业主诚意出售！,"汉邦雍景居 , 凤岗镇",4室2厅,98.02平米,南,毛坯,18层 ,,板塔结合,137 万,13977 元,1,,,VR看装修 | 房本满五年 | 随时看房,https://dg.lianjia.com/ershoufang/105120499923.html
石竹新花园 精装修三房 家门口北部,"石竹新花园 , 石竹",3室2厅,105.4平米,西北,精装,高楼层(共16层) ,,板塔结合,199 万,18881 元,1,,,近地铁 | VR看装修 | 房本满五年 | 随时看房,https://dg.lianjia.com/ershoufang/105122055975.html
华南花园 3室2厅 南,"华南花园 , 石龙镇",3室2厅,106.99平米,南,简装,28层 ,,板塔结合,50 万,4674 元,0,,,VR看装修 | 随时看房,https://dg.lianjia.com/ershoufang/105122146708.html
新世纪领居B区  双阳台对流  舒适户型,"新世纪领居B区 , 大岭山镇",4室2厅,157.61平米,东南,,高楼层(共18层) ,,板塔结合,248 万,15736 元,0,,,VR房源 | 房本满五年,https://dg.lianjia.com/ershoufang/105121850944.html
新园中区，2房格局方正 ，业主急售，价格可刀,"新园中区 , 太平广场",2室1厅,61.36平米,南,简装,中楼层(共6层) ,,板楼,52 万,8475 元,1,,,VR看装修 | 房本满五年,https://dg.lianjia.com/ershoufang/105117942524.html
星河传说 南北对流大3房 采光好 位置安静,"星河传说聚星岛A区 , 石井",3室2厅,150.59平米,东,精装,中楼层(共12层) ,,塔楼,335 万,22246 元,1,,,VR房源 | 房本满五年,https://dg.lianjia.com/ershoufang/105119826094.html
万科高尔夫花园大三房，随时可看房,"万科城市高尔夫花园 , 寮步",3室2厅,125.95平米,南,简装,24层 ,,板塔结合,170 万,13498 元,1,,,VR看装修 | 房本满五年 | 随时看房,https://dg.lianjia.com/ershoufang/105121500151.html
翠珑湾五期   公寓  带精装修   业主诚心卖,"星城翠珑湾五期 , 寮步",2室2厅,61.82平米,南,精装,中楼层(共21层) ,,板塔结合,65 万,10515 元,1,,,房本满五年,https://dg.lianjia.com/ershoufang/105103901927.html
视野开阔无遮挡，精装修三房，中高楼层的，业主急售。,"南部湾万科城 , 大宁",3室2厅,93.48平米,东南,精装,高楼层(共29层) ,,板楼,155 万,16582 元,0,,,VR看装修 | 房本满五年,https://dg.lianjia.com/ershoufang/105120480375.html
朝小区带阳台单间，商品住宅性质电梯房,"时尚岛蓝钻 , 鸿福路口",1室0厅,30.19平米,西南,精装,中楼层(共24层) ,,板楼,39.9 万,13217 元,0,,6天以前发布,VR房源 | 房本满五年 | 随时看房,https://dg.lianjia.com/ershoufang/105122504580.html
新世纪星城明星3房户型，朝南向，中高楼层,"新世纪星城(一二)期 , 温塘",3室2厅,103平米,南,精装,中楼层(共17层) ,,板塔结合,181 万,17573 元,0,,,VR看装修 | 随时看房,https://dg.lianjia.com/ershoufang/105121521615.html
华园大平层，换房可选，目前在卖的很好的四房。,"丰泰华园山庄 , 新联",4室3厅,256.98平米,东南,简装,低楼层(共12层) ,,板塔结合,380 万,14788 元,2,,,VR房源 | 房本满两年 | 随时看房,https://dg.lianjia.com/ershoufang/105110456988.html
满五唯一，朝南看别墅区，视野无遮挡,"御河湾花园 , 横沥镇",3室1厅,95.7平米,东南,毛坯,中楼层(共32层) ,,板塔结合,85 万,8882 元,0,,,VR房源 | 房本满五年 | 随时看房,https://dg.lianjia.com/ershoufang/105119215892.html
满五唯一 方正户型 一梯两户南北对流,"光大景湖花园 , 东泰",3室2厅,116.5平米,东南,简装,中楼层(共5层) ,,板楼,160 万,13734 元,0,,,VR房源 | 随时看房,https://dg.lianjia.com/ershoufang/105120385034.html
城市风景  精装2房1厅1卫 真诚心出售,"城市风景 , 石竹",2室1厅,66.69平米,东南,精装,15层 ,,板楼,87.9 万,13181 元,0,,,VR看装修 | 房本满五年 | 随时看房,https://dg.lianjia.com/ershoufang/105122097348.html
全屋定制精装修带家私电器，好楼层，舒适大三房,"旭辉江山墅 , 石排镇",3室2厅,115.78平米,东南 南,精装,高楼层(共33层) ,,塔楼,188 万,16238 元,0,,,VR看装修 | 房本满两年 | 随时看房,https://dg.lianjia.com/ershoufang/105122237035.html
鲁能公馆 刚需小三居 正南朝向 拎包入住,"鲁能公馆 , 茶山镇",3室2厅,78.44平米,西南,,32层 ,,板塔结合,105 万,13387 元,0,,14天以前发布,近地铁 | VR房源 | 随时看房,https://dg.lianjia.com/ershoufang/105122422598.html
此房满五 南向对花园 彩光通风好 业主急售,"江滨花园一期 , 华南摩尔",3室2厅,100.5平米,西南,简装,高楼层(共8层) ,,塔楼,79 万,7861 元,1,,,VR看装修 | 房本满两年 | 随时看房,https://dg.lianjia.com/ershoufang/105113707296.html
江滨花园五期，方正户型，东南朝向，看花园,"江滨花园五期 , 华南摩尔",3室2厅,89.51平米,东南,简装,中楼层(共8层) ,,塔楼,88.8 万,9921 元,2,,,VR看装修 | 房本满五年 | 随时看房,https://dg.lianjia.com/ershoufang/105120827528.html
恒大绿洲精装3房带车位诚心出售,"恒大绿洲 , 凤岗镇",3室2厅,89平米,北,,27层 ,,塔楼,135 万,15169 元,0,,,VR看装修 | 随时看房,https://dg.lianjia.com/ershoufang/105122187721.html
万江北大资源御湾  高层三房 看江景 业主诚心出售,"北大资源御湾 , 华南摩尔",3室1厅,90.27平米,东北,,高楼层(共32层) ,,塔楼,139.8 万,15487 元,2,,,VR看装修 | 房本满五年,https://dg.lianjia.com/ershoufang/105112841286.html
万江CBD毛坯三房，可塑性强，价格美丽。,"北大资源御湾 , 华南摩尔",3室2厅,97.87平米,南,精装,低楼层(共33层) ,,塔楼,168 万,17166 元,2,,,VR看装修 | 随时看房,https://dg.lianjia.com/ershoufang/105111304052.html
翠珑湾一期毛坯出售~，高楼层。,"星城翠珑湾一期 , 松山湖",3室1厅,95.24平米,东,毛坯,26层 ,,塔楼,90 万,9450 元,4,,,房本满五年 | 随时看房,https://dg.lianjia.com/ershoufang/105118265148.html
精英名都三房靓丽整洁喜欢pick美时光小王,"精英名都 , 南城车站",3室1厅,91.25平米,东南,,低楼层(共16层) ,,板塔结合,130 万,14247 元,1,,,VR看装修 | 房本满五年,https://dg.lianjia.com/ershoufang/105116459618.html
江滨花园四期，户型方正，采光好，适合宜居。,"江滨花园四期 , 华南摩尔",3室2厅,85.5平米,东北,精装,中楼层(共8层) ,,塔楼,68.8 万,8047 元,5,,,VR房源 | 房本满五年,https://dg.lianjia.com/ershoufang/105118653079.html
房子装修保养好，采光通风好，出行方便,"凤安大厦 , 凤岗镇",2室2厅,82.95平米,南,简装,16层 ,,塔楼,69 万,8319 元,0,,,VR看装修 | 房本满五年,https://dg.lianjia.com/ershoufang/105117186751.html
全新装修的带露台南北对流 随时可以看 华师,"光大景湖春天 , 火炼树",3室2厅,112.21平米,南,,中楼层(共5层) ,,塔楼,190 万,16933 元,1,,13天以前发布,VR房源 | 房本满五年,https://dg.lianjia.com/ershoufang/105122434126.html
宜家花园2房1厅1卫业主诚意出售,"宜家花园 , 太平广场",2室1厅,60.6平米,东南,,低楼层(共16层) ,,塔楼,32.5 万,5364 元,1,,27天以前发布,VR房源 | 房本满五年 | 随时看房,https://dg.lianjia.com/ershoufang/105122304291.html
业主诚意出售  高楼层景观好 新装修环保材料,"鼎峰尚境北园 , 寮步",4室2厅,137.42平米,南,精装,高楼层(共31层) ,,塔楼,330 万,24014 元,0,,,VR看装修 | 房本满五年,https://dg.lianjia.com/ershoufang/105119494592.html
电梯高层 视野无遮挡 通风效果好 随时看房,"中信阳光澳园 , 东泰",3室2厅,111.81平米,东北,简装,中楼层(共15层) ,,板塔结合,159 万,14221 元,1,,,VR房源 | 房本满五年,https://dg.lianjia.com/ershoufang/105121237421.html
满五唯一，房东诚心出售，看房方便；宽敞明亮。,"新世纪花园 , 石碣镇",3室2厅,97.47平米,南,精装,中楼层(共10层) ,,塔楼,82 万,8413 元,3,,,VR看装修 | 房本满五年,https://dg.lianjia.com/ershoufang/105111420429.html
宏丰楼 改善三房 红本在手 随时腾房,"宏丰楼 , 凤岗镇",3室2厅,106.13平米,南,简装,13层 ,,塔楼,75 万,7067 元,1,,,VR房源 | 随时看房,https://dg.lianjia.com/ershoufang/105118597623.html
虎门国际公馆小区4房  精装高层  采光通风好 诚意卖,"虎门国际公馆 , 新联",4室1厅,134.85平米,西北,,中楼层(共17层) ,,塔楼,160 万,11866 元,2,,,VR房源 | 房本满五年 | 随时看房,https://dg.lianjia.com/ershoufang/105119018241.html
保养好，户型方正，位置安静，采光通透,"珠江骏景高尔夫花园 , 塘厦镇",3室2厅,154.43平米,南,简装,9层 ,,塔楼,168 万,10879 元,1,,,VR看装修 | 房本满五年 | 随时看房,https://dg.lianjia.com/ershoufang/105120380374.html
寮步横坑万科时富金色家园精装修四房,"万科时富金色家园 , 寮步",4室2厅,98平米,东北,精装,低楼层(共18层) ,,塔楼,195 万,19898 元,0,,25天以前发布,VR房源 | 房本满五年 | 随时看房,https://dg.lianjia.com/ershoufang/105122318647.html
电梯三房，带露台花园，户型方正,"江滨花园一期 , 华南摩尔",3室2厅,97平米,西南,,中楼层(共7层) ,,塔楼,86 万,8866 元,0,,,VR房源,https://dg.lianjia.com/ershoufang/105122181642.html
三屯富怡名居 4室1厅 东南,"三屯富怡名居 , 厚街镇",4室1厅,152.88平米,东南,简装,9层 ,,板塔结合,148 万,9681 元,0,,,VR房源 | 房本满两年,https://dg.lianjia.com/ershoufang/105121165492.html
花香十二院 精装三房 带255平米大平台出售,"君丽花园 , 厚街镇",3室2厅,86.86平米,北,,低楼层(共17层) ,,板塔结合,133 万,15312 元,2,,,VR看装修 | 房本满五年,https://dg.lianjia.com/ershoufang/105118488923.html
通风好。交通便利，业主诚心出售。,"珑远翠珑湾 , 寮步",4室2厅,138.17平米,东南 北,精装,中楼层(共32层) ,,塔楼,345 万,24970 元,1,,,VR看装修 | 房本满两年 | 随时看房,https://dg.lianjia.com/ershoufang/105118366332.html
海月居三房两厅两卫 满五唯一，户型宽敞明亮,"海月居 , 沙田镇",3室2厅,96.32平米,东,毛坯,17层 ,,塔楼,72 万,7476 元,2,,,VR看装修 | 房本满五年 | 随时看房,https://dg.lianjia.com/ershoufang/105121662705.html
板楼，板楼，不是您选房，而是要懂房,"合正上东国际 , 下坝",3室2厅,134平米,南,简装,高楼层(共18层) ,,板塔结合,238 万,17762 元,0,,,VR看装修 | 房本满五年 | 随时看房,https://dg.lianjia.com/ershoufang/105122064854.html
晓月湖，南北通透大四房，业主急售,"光大锦绣山河五期 , 松山湖",4室2厅,141.5平米,南 北,精装,高楼层(共15层) ,,板楼,490 万,34629 元,0,,,VR房源 | 房本满两年 | 随时看房,https://dg.lianjia.com/ershoufang/105121944252.html
莞翠邨，方正四房，采光佳视野好，看房方便,"莞翠邨 , 石井",4室2厅,149平米,北,精装,中楼层(共23层) ,,板塔结合,295 万,19799 元,1,,,VR房源 | 随时看房,https://dg.lianjia.com/ershoufang/105121552378.html
达鑫江滨新城一线临江中间楼层视野开阔看房方便,"达鑫江滨新城 , 石碣镇",4室2厅,147.39平米,南,毛坯,低楼层(共30层) ,,板楼,245 万,16623 元,0,,,VR看装修 | 房本满五年 | 随时看房,https://dg.lianjia.com/ershoufang/105121820349.html
万科物业城东世家中楼层安静东向看花园3房诚意出售,"时富花园 , 寮步",3室1厅,87.13平米,东,精装,中楼层(共11层) ,,板塔结合,115 万,13199 元,0,,,VR看装修 | 房本满五年 | 随时看房,https://dg.lianjia.com/ershoufang/105121176067.html
近东城万达丰泰黄琪观邸高楼层精装2房诚意卖,"丰泰黄旗观邸 , 寮步",2室2厅,60.51平米,东,精装,高楼层(共24层) ,,塔楼,73 万,12065 元,0,,,VR看装修 | 房本满五年,https://dg.lianjia.com/ershoufang/105119155639.html
此房过五年 电梯3房 装修好的 看花园景观 居住舒适。,"中惠香樟绿洲 , 樟木头镇",3室2厅,97.9平米,南,简装,30层 ,,板楼,86 万,8785 元,0,,19天以前发布,VR房源 | 房本满五年 | 随时看房,https://dg.lianjia.com/ershoufang/105122368941.html
3房2厅2卫诚意出售  朝南看花园 中高楼层 采光好,"新世纪颐龙湾 , 高埗镇",3室2厅,113.49平米,南,毛坯,中楼层(共23层) ,,板塔结合,145 万,12777 元,1,,,VR看装修 | 房本满两年 | 随时看房,https://dg.lianjia.com/ershoufang/105120176302.html
东南向看国贸 带8米阳台 价格可谈 东升西落看城市风景,"金地·艺境水岸 , 石美",4室2厅,133平米,南,毛坯,高楼层(共29层) ,,板塔结合,205 万,15414 元,6,,,VR看装修 | 随时看房,https://dg.lianjia.com/ershoufang/105118437632.html
万科金域国际高层南向业主诚意出售,"万科金域国际 , 厚街镇",2室1厅,79.51平米,西南,简装,高楼层(共32层) ,,板塔结合,94 万,11823 元,1,,,VR看装修 | 随时看房,https://dg.lianjia.com/ershoufang/105121113874.html
满五唯一，达鑫精装两房，业主急售,"达鑫江滨新城 , 石碣镇",2室1厅,85.95平米,南,简装,高楼层(共15层) ,,板楼,86 万,10006 元,1,,,VR看装修 | 房本满五年 | 随时看房,https://dg.lianjia.com/ershoufang/105120573060.html
万科第五城中高层朝南三房二卫，全新未入住过,"万科第五城 , 高埗镇",3室2厅,92.84平米,西南,精装,32层 ,,板楼,130 万,14003 元,0,,28天以前发布,VR看装修 | 房本满两年 | 随时看房,https://dg.lianjia.com/ershoufang/105122288838.html
精装四房保养好 视野无遮挡 楼层好 交通便利,"万科第五城 , 高埗镇",4室2厅,115.6平米,东南,精装,34层 ,,板楼,173 万,14966 元,0,,,VR看装修 | 房本满两年 | 随时看房,https://dg.lianjia.com/ershoufang/105118499339.html
此房三房两厅两卫 格局方正 过五唯一 采光好,"新城市广场 , 樟木头镇",3室2厅,99平米,东北,精装,高楼层(共7层) ,,板塔结合,30.6 万,3091 元,9,,,VR看装修 | 随时看房,https://dg.lianjia.com/ershoufang/105120865711.html
御景花园104.7平朝园林三房两卫业主诚意出售,"御景花园 , 樟木头镇",3室1厅,104.7平米,东 北,简装,中楼层(共7层) ,,板塔结合,68 万,6495 元,1,,,VR看装修 | 房本满五年 | 随时看房,https://dg.lianjia.com/ershoufang/105121757805.html
地铁口物业，精装修拎包入住，次新小区，配套齐全,"东实旗云花园 , 石龙镇",3室2厅,98.12平米,南,精装,高楼层(共30层) ,,板楼,130 万,13250 元,0,,,近地铁 | VR看装修 | 房本满两年 | 随时看房,https://dg.lianjia.com/ershoufang/105116103287.html
格局好，楼层好，交通配套好 旁边就是雁田市场,"锦龙湾畔二期 , 凤岗镇",3室2厅,90.12平米,南 北,毛坯,21层 ,,板塔结合,136 万,15091 元,0,,,VR房源 | 房本满两年 | 随时看房,https://dg.lianjia.com/ershoufang/105119781243.html
太平广场旁 户型方正三房 总价低 地段好,"中银楼 , 太平广场",3室1厅,90.62平米,北,精装,中楼层(共8层) ,,板塔结合,60 万,6622 元,0,,,VR看装修 | 房本满五年 | 随时看房,https://dg.lianjia.com/ershoufang/105120192107.html
"天虹地铁口毛坯一房，交通便利，中楼层,通风采光好","地标大厦 , 地标",1室1厅,58.31平米,东南,毛坯,中楼层(共24层) ,,塔楼,38 万,6517 元,0,,,VR看装修,https://dg.lianjia.com/ershoufang/105116538326.html
大岭山金地格林上院地铁口阔绰大两房楼下地铁口,"金地格林上院 , 大岭山镇",2室2厅,77.14平米,东 北,精装,中楼层(共18层) ,,塔楼,88 万,11408 元,0,,,VR看装修 | 房本满五年,https://dg.lianjia.com/ershoufang/105122066224.html
艺境松山湖，中高楼层直通地下室，东南向，门口网红桥,"艺境松山湖 , 石排镇",3室1厅,100.63平米,东南,简装,低楼层(共31层) ,,塔楼,139 万,13813 元,0,,,VR房源 | 房本满两年 | 随时看房,https://dg.lianjia.com/ershoufang/105121237184.html
融创中间楼层精装四房 前后阳台看花园,"融创松湖澜园 , 大岭山镇",4室2厅,114.04平米,南,简装,18层 ,,板塔结合,138 万,12102 元,0,,,VR房源 | 房本满五年 | 随时看房,https://dg.lianjia.com/ershoufang/105121695821.html
带入户花园中间楼层 位置安静  户型通透 低税费,"长安花园 , 长安新区",2室1厅,76.05平米,北,简装,11层 ,,塔楼,108 万,14202 元,0,,,VR看装修 | 房本满五年,https://dg.lianjia.com/ershoufang/105120326966.html
翠珑湾一期毛坯出售~，高楼层。,"星城翠珑湾一期 , 松山湖",3室1厅,95.24平米,东,毛坯,26层 ,,塔楼,90 万,9450 元,4,,,房本满五年 | 随时看房,https://dg.lianjia.com/ershoufang/105118265148.html
江滨花园四期，户型方正，采光好，适合宜居。,"江滨花园四期 , 华南摩尔",3室2厅,85.5平米,东北,精装,中楼层(共8层) ,,塔楼,68.8 万,8047 元,5,,,VR房源 | 房本满五年,https://dg.lianjia.com/ershoufang/105118653079.html
电梯三房，带露台花园，户型方正,"江滨花园一期 , 华南摩尔",3室2厅,97平米,西南,,中楼层(共7层) ,,塔楼,86 万,8866 元,0,,,VR房源,https://dg.lianjia.com/ershoufang/105122181642.html
江滨花园五期，方正户型，东南朝向，看花园,"江滨花园五期 , 华南摩尔",3室2厅,89.51平米,东南,简装,中楼层(共8层) ,,塔楼,88.8 万,9921 元,2,,,VR看装修 | 房本满五年 | 随时看房,https://dg.lianjia.com/ershoufang/105120827528.html
精英名都三房靓丽整洁喜欢pick美时光小王,"精英名都 , 南城车站",3室1厅,91.25平米,东南,,低楼层(共16层) ,,板塔结合,130 万,14247 元,1,,,VR看装修 | 房本满五年,https://dg.lianjia.com/ershoufang/105116459618.html
此房满五 南向对花园 彩光通风好 业主急售,"江滨花园一期 , 华南摩尔",3室2厅,100.5平米,西南,简装,高楼层(共8层) ,,塔楼,79 万,7861 元,1,,,VR看装修 | 房本满两年 | 随时看房,https://dg.lianjia.com/ershoufang/105113707296.html
安联尚璟东南朝向三房二卫，家私家电全包,"安联尚璟 , 高埗镇",3室2厅,88.64平米,东南,精装,低楼层(共26层) ,,板楼,120 万,13538 元,1,,,VR看装修 | 随时看房,https://dg.lianjia.com/ershoufang/105118627151.html
房屋2020年交楼，万科物业，证满二，无抵押随时可过户,"万科第五城 , 高埗镇",3室2厅,92.75平米,南,简装,中楼层(共34层) ,,塔楼,130 万,14017 元,0,,,VR看装修 | 房本满两年 | 随时看房,https://dg.lianjia.com/ershoufang/105120175196.html
恒大绿洲精装3房带车位诚心出售,"恒大绿洲 , 凤岗镇",3室2厅,89平米,北,,27层 ,,塔楼,135 万,15169 元,0,,,VR看装修 | 随时看房,https://dg.lianjia.com/ershoufang/105122187721.html
房子装修保养好，采光通风好，出行方便,"凤安大厦 , 凤岗镇",2室2厅,82.95平米,南,简装,16层 ,,塔楼,69 万,8319 元,0,,,VR看装修 | 房本满五年,https://dg.lianjia.com/ershoufang/105117186751.html
店长推荐  沙田碧桂园安静笋三房 低楼层,"沙田碧桂园滨江豪园 , 沙田镇",3室2厅,86.79平米,北,精装,25层 ,,板楼,85.8 万,9886 元,1,,30天以前发布,VR看装修 | 随时看房,https://dg.lianjia.com/ershoufang/105122268190.html
达鑫精装两房，看房方便，看花园朝南向,"达鑫江滨新城 , 石碣镇",2室1厅,83.11平米,南,精装,中楼层(共24层) ,,板楼,90 万,10830 元,1,,,VR看装修 | 随时看房,https://dg.lianjia.com/ershoufang/105121226117.html
富民花园  朝南两房  诚意出售,"富民花园 , 太平广场",2室2厅,75.02平米,南,简装,中楼层(共7层) ,,板塔结合,55 万,7332 元,1,,,VR看装修 | 房本满五年 | 随时看房,https://dg.lianjia.com/ershoufang/105121518085.html
此房业主是花30万装修的，可拎包入住。楼层好无遮挡,"凯晟景园 , 石井",3室2厅,107平米,南,精装,低楼层(共26层) ,,板塔结合,255 万,23832 元,0,,,VR房源 | 房本满五年 | 随时看房,https://dg.lianjia.com/ershoufang/105120316924.html
领居三房，朝南，户型通风透气中间楼层,"新世纪领居C区 , 大岭山镇",3室2厅,95.87平米,南,简装,18层 ,,塔楼,117 万,12205 元,1,,,VR看装修 | 房本满五年 | 随时看房,https://dg.lianjia.com/ershoufang/105121722575.html
东骏大三房 方正户型 看花园 采光好无遮挡 价格好商量,"东骏豪苑 , 西平",3室2厅,115.36平米,南,简装,高楼层(共18层) ,,板塔结合,245 万,21238 元,1,,,VR看装修 | 房本满五年,https://dg.lianjia.com/ershoufang/105118473132.html
新次小区 皇马郦宫复试两房出售的,"万科皇马郦宫 , 火炼树",2室2厅,48.77平米,东,精装,中楼层(共11层) ,,,70 万,14354 元,0,,,房本满两年,https://dg.lianjia.com/ershoufang/105121634806.html
房子对流户型，产权清晰不欠款，业主自住保养好,"中信凯旋公馆 , 西平",4室2厅,139.49平米,西北,精装,32层 ,,板塔结合,330 万,23658 元,1,,,近地铁 | VR房源 | 房本满五年,https://dg.lianjia.com/ershoufang/105120073828.html
两梯两户 南北对流双阳台 视野好 看房方便,"中信阳光澳园 , 东泰",3室2厅,134.05平米,南,,中楼层(共16层) ,,板楼,260 万,19396 元,0,,,VR房源 | 房本满五年 | 随时看房,https://dg.lianjia.com/ershoufang/105122090596.html
此房过五年 电梯3房 装修好的 看花园景观 居住舒适。,"中惠香樟绿洲 , 樟木头镇",3室2厅,97.9平米,南,简装,30层 ,,板楼,86 万,8785 元,0,,19天以前发布,VR房源 | 房本满五年 | 随时看房,https://dg.lianjia.com/ershoufang/105122368941.html
芳桂园两房业主诚意急售，满五唯一 价格可谈,"芳桂园 , 主山",2室1厅,80.93平米,东,简装,中楼层(共8层) ,,板楼,88 万,10874 元,2,,,近地铁 | VR看装修 | 房本满五年 | 随时看房,https://dg.lianjia.com/ershoufang/105115535514.html
寮厦地铁口，两房改的小三房，不欠款，诚意出售,"鼎盛中环银苑 , 厚街镇",3室1厅,91.45平米,南 北,精装,高楼层(共25层) ,,板塔结合,105 万,11482 元,0,,,近地铁 | VR看装修 | 房本满五年,https://dg.lianjia.com/ershoufang/105121388136.html
此房满五不欠款 产权清晰  楼层好 通风对流 户型方正,"侨苑山庄裕泽园 , 花园新村",3室2厅,116.26平米,南,简装,高楼层(共8层) ,,,49 万,4215 元,1,,,近地铁 | VR房源 | 房本满五年 | 随时看房,https://dg.lianjia.com/ershoufang/105114762826.html
四房毛坯 户型方正  地铁物业 采光通透 两梯两户,"合正上东国际 , 下坝",4室2厅,166平米,南,毛坯,高楼层(共18层) ,,板塔结合,400 万,24097 元,1,,,VR看装修 | 随时看房,https://dg.lianjia.com/ershoufang/105119088123.html
业主诚售 南北双阳台 大社区 配套齐全 交通便利,"中信凯旋城 , 东泰",3室2厅,140.9平米,南 北,精装,11层 ,,板塔结合,280.6 万,19915 元,2,,,VR房源 | 房本满五年,https://dg.lianjia.com/ershoufang/105120590381.html
证过5年，带租约出售，高层单位,"世纪康城 , 常平镇",2室2厅,74.1平米,西南,精装,高楼层(共10层) ,,塔楼,57 万,7693 元,0,,,VR房源 | 房本满五年,https://dg.lianjia.com/ershoufang/105120051332.html
晓月湖，南北通透大四房，业主急售,"光大锦绣山河五期 , 松山湖",4室2厅,141.5平米,南 北,精装,高楼层(共15层) ,,板楼,490 万,34629 元,0,,,VR房源 | 房本满两年 | 随时看房,https://dg.lianjia.com/ershoufang/105121944252.html
万科物业城东世家中楼层安静东向看花园3房诚意出售,"时富花园 , 寮步",3室1厅,87.13平米,东,精装,中楼层(共11层) ,,板塔结合,115 万,13199 元,0,,,VR看装修 | 房本满五年 | 随时看房,https://dg.lianjia.com/ershoufang/105121176067.html
近东城万达丰泰黄琪观邸高楼层精装2房诚意卖,"丰泰黄旗观邸 , 寮步",2室2厅,60.51平米,东,精装,高楼层(共24层) ,,塔楼,73 万,12065 元,0,,,VR看装修 | 房本满五年,https://dg.lianjia.com/ershoufang/105119155639.html
松山湖万科129平大三房，业主诚意出售中,"万科金域松湖花园一期 , 松山湖",3室2厅,129平米,东南,精装,低楼层(共25层) ,,塔楼,300 万,23256 元,4,,,VR看装修 | 房本满五年,https://dg.lianjia.com/ershoufang/105121393261.html
荔景山庄两房，朝园景，中层采光充足,"荔景山庄 , 樟木头镇",2室1厅,60.41平米,东南,精装,8层 ,,板塔结合,29.8 万,4933 元,0,,,VR房源 | 房本满五年 | 随时看房,https://dg.lianjia.com/ershoufang/105121604407.html
星城翠珑湾四期 2室2厅 南,"星城翠珑湾四期 , 寮步",2室2厅,54.65平米,南,简装,高楼层(共20层) ,,板塔结合,56 万,10248 元,0,,24天以前发布,房本满五年,https://dg.lianjia.com/ershoufang/105122320428.html
御河湾花园 3室2厅 东 西,"御河湾花园 , 横沥镇",3室2厅,93.68平米,东 西,精装,高楼层(共32层) ,,板塔结合,118 万,12597 元,0,,,VR看装修 | 房本满五年 | 随时看房,https://dg.lianjia.com/ershoufang/105119805881.html
楼层低安静不吵、精装房拎包入住、南北对流三房两卫,"中熙玖颂江湾 , 石碣镇",3室2厅,97.72平米,南 北,精装,低楼层(共31层) ,,塔楼,119 万,12178 元,1,,,VR看装修 | 房本满五年 | 随时看房,https://dg.lianjia.com/ershoufang/105117319331.html
万科珠江东岸98平，全新未入住过，交楼标准,"万科珠江东岸五期 , 麻涌镇",3室2厅,98.45平米,东南,,高楼层(共18层) ,,板塔结合,89 万,9041 元,0,,,VR看装修 | 房本满五年 | 随时看房,https://dg.lianjia.com/ershoufang/105121213604.html
城区万科 次新小区 大客厅4房双卫 好楼层视野无遮挡,"万科第五城 , 高埗镇",4室2厅,115.6平米,西南,精装,低楼层(共34层) ,,塔楼,159 万,13755 元,1,,,VR看装修 | 房本满两年 | 随时看房,https://dg.lianjia.com/ershoufang/105118379406.html
中间楼层，视野比较好。业主诚意出售,"嘉宏圆梦雅居 , 松山湖",3室2厅,79.89平米,北,精装,中楼层(共19层) ,,塔楼,78 万,9764 元,1,,,随时看房,https://dg.lianjia.com/ershoufang/105119896484.html
连升豪庭 中高楼层 装修漂亮 诚意出售,"连升豪庭 , 万达",2室1厅,75.46平米,南,简装,中楼层(共22层) ,,塔楼,115 万,15240 元,0,,,VR看装修 | 房本满五年,https://dg.lianjia.com/ershoufang/105119704875.html
房子户型方正，边位户，采光通风效果好，安静舒适..,"虎门国际公馆 , 新联",3室2厅,135平米,东南,,高楼层(共17层) ,,塔楼,195 万,14445 元,2,,,VR看装修 | 房本满五年 | 随时看房,https://dg.lianjia.com/ershoufang/105114569607.html
天骄峰景 毛坯复式四房 东南向采光通风好安静 急售！,"天骄峰景B区 , 石井",4室2厅,78.63平米,东南,毛坯,低楼层(共17层) ,,板塔结合,260 万,33067 元,3,,,VR房源 | 房本满五年 | 随时看房,https://dg.lianjia.com/ershoufang/105110682451.html
颐龙湾 五期 三房两厅一卫 毛坯,"新世纪颐龙湾 , 高埗镇",3室2厅,86平米,北,毛坯,低楼层(共21层) ,,板塔结合,98 万,11396 元,3,,,VR看装修 | 随时看房,https://dg.lianjia.com/ershoufang/105114116194.html
鸿福路总价低单房，近地铁口，近广场,"鸿福广场 , 鸿福路口",1室0厅,31.23平米,东北,精装,低楼层(共20层) ,,板楼,34.8 万,11144 元,0,,,VR看装修 | 房本满五年,https://dg.lianjia.com/ershoufang/105121430969.html
南向三房 位置安静 业主自住保养新 楼层好,"万科第五城 , 高埗镇",3室1厅,93平米,西南,精装,34层 ,,板楼,125 万,13441 元,1,,,VR房源,https://dg.lianjia.com/ershoufang/105120263351.html
"此房满五唯一 有地下停车位户型方正采光通透,配套齐全","怡安豪庭 , 樟木头镇",3室2厅,101.36平米,南,精装,高楼层(共13层) ,,塔楼,68 万,6709 元,0,,,VR看装修 | 房本满五年 | 随时看房,https://dg.lianjia.com/ershoufang/105118955935.html
丽水佳园 全新毛坯三房 楼层好 景观好 无欠款 交易快,"沿海丽水佳园 , 道滘镇",3室2厅,93.37平米,北,毛坯,中楼层(共24层) ,,,85 万,9104 元,1,,,VR看装修 | 房本满两年 | 随时看房,https://dg.lianjia.com/ershoufang/105122134684.html
君珆花园 正南向三房两卫 南北对流 红本在手无欠款,"君珆花园 , 西平",3室1厅,110.35平米,南,精装,高楼层(共23层) ,,板楼,235 万,21296 元,5,,,近地铁 | VR房源 | 房本满五年 | 随时看房,https://dg.lianjia.com/ershoufang/105115945364.html
红荔侨苑精装3房仅售39万 拎包入住 无须装修,"红荔侨苑 , 常平镇",3室1厅,73.88平米,东南,精装,中楼层(共7层) ,,板楼,39 万,5279 元,0,,,VR看装修 | 房本满五年 | 随时看房,https://dg.lianjia.com/ershoufang/105122034903.html
黄江碧桂园二期装修三房带租约！,"碧桂园翡翠山二期 , 黄江镇",3室2厅,94.01平米,西,简装,低楼层(共34层) ,,板塔结合,100 万,10638 元,0,,,VR看装修 | 房本满五年 | 随时看房,https://dg.lianjia.com/ershoufang/105115094411.html
御江1号全屋定制四房 满五唯一 无个税 看房方便,"御江1号 , 横沥镇",4室2厅,142.19平米,南,精装,中楼层(共29层) ,,塔楼,220 万,15473 元,1,,,VR看装修,https://dg.lianjia.com/ershoufang/105120395388.html
保利悦湖公馆 96平三房两厅两卫 业主诚心卖,"保利悦湖公馆 , 石排镇",3室2厅,96.57平米,南,毛坯,低楼层(共26层) ,,塔楼,120 万,12427 元,0,,,VR看装修 | 房本满两年 | 随时看房,https://dg.lianjia.com/ershoufang/105118408405.html
恒大二期，中高楼层，视野好，双阳台户型可看房,"恒大江湾 , 望牛墩镇",3室2厅,120.53平米,南 北,,高楼层(共16层) ,,塔楼,90 万,7468 元,0,,,VR看装修,https://dg.lianjia.com/ershoufang/105119029077.html
锦绣半山业主诚心出售双阳台3＋1户型,"锦绣半山 , 黄河中心",3室2厅,121.03平米,东,,中楼层(共17层) ,,塔楼,138 万,11403 元,0,,,VR房源 | 房本满五年,https://dg.lianjia.com/ershoufang/105121810324.html
汇商花苑，天然氧吧，四房两卫，精装中高楼层急卖,"汇商花苑 , 凤岗镇",4室2厅,106.24平米,西南,精装,18层 ,,塔楼,139.8 万,13159 元,0,,,VR房源 | 房本满五年 | 随时看房,https://dg.lianjia.com/ershoufang/105117296243.html
满五 没有欠款 格局方正 户型好楼层好 采光无遮挡,"嘉辉豪庭 , 凤岗镇",2室2厅,79.11平米,北,简装,29层 ,,板塔结合,90 万,11377 元,4,,,VR看装修 | 房本满五年,https://dg.lianjia.com/ershoufang/105115726537.html
新世界花园精装三房 黄旗山脚下   满五唯一,"新世界花园 , 黄旗山",3室2厅,111.48平米,东南,精装,低楼层(共19层) ,,塔楼,188 万,16865 元,2,,,近地铁 | VR房源 | 房本满五年,https://dg.lianjia.com/ershoufang/105121266647.html
盛和新都会精装两房出售，房子装修保养很好，看房方便,"盛和新都会 , 清溪镇",2室2厅,76.71平米,南,精装,16层 ,,板塔结合,80 万,10429 元,7,,,VR看装修 | 随时看房,https://dg.lianjia.com/ershoufang/105107832009.html
房子是标准的三房，朝南的，户型好，大三房每个房间,"世纪城国际公馆三期仁里 , 西平",3室1厅,125.19平米,西南,精装,低楼层(共16层) ,,塔楼,260 万,20769 元,1,,,近地铁 | VR房源 | 房本满五年 | 随时看房,https://dg.lianjia.com/ershoufang/105122070874.html
誉轩大3房，安静不吵闹，业主诚心出售，看房方便,"誉轩 , 石碣镇",3室2厅,118平米,南,精装,16层 ,,板塔结合,88 万,7458 元,1,,,VR房源 | 房本满五年 | 随时看房,https://dg.lianjia.com/ershoufang/105116558074.html
莞初旁莞城步步高 近地铁口 采光通风好,"温南新区 , 学院路",4室1厅,143平米,南 北,简装,高楼层(共8层) ,,板楼,72 万,5035 元,0,,,近地铁 | VR看装修 | 房本满两年 | 随时看房,https://dg.lianjia.com/ershoufang/105122089390.html
香樟绿洲标准4房 南北对流户型方正。少有户型。很划算,"中惠香樟绿洲 , 樟木头镇",4室2厅,113.47平米,南,简装,18层 ,,板楼,120 万,10576 元,7,,,VR看装修 | 房本满五年,https://dg.lianjia.com/ershoufang/105111232018.html
此房证满二年免增值税，通风采光好，实用十足！,"新世界花园 , 黄旗山",3室2厅,104.09平米,南,,中楼层(共6层) ,,塔楼,130 万,12490 元,0,,,VR看装修 | 房本满五年,https://dg.lianjia.com/ershoufang/105119173205.html
此房满五 税少价格可谈 项目所在地处于珠三角交通枢纽,"卓越蔚蓝城邦 , 常平镇",4室2厅,169平米,东南,精装,33层 ,,板塔结合,208 万,12308 元,1,,,VR看装修 | 房本满五年 | 随时看房,https://dg.lianjia.com/ershoufang/105110973809.html
欧景城高层2房，采光好，业主 急售价格可谈,"深业欧景城 , 宏远北",2室2厅,90.02平米,东南,精装,高楼层(共17层) ,,板塔结合,128 万,14220 元,0,,,VR看装修 | 房本满五年,https://dg.lianjia.com/ershoufang/105122171632.html
虎门一号中间楼层朝南安静大三房诚意出售,"虎门一号 , 地标",3室2厅,154平米,南,简装,中楼层(共18层) ,,塔楼,226 万,14676 元,0,,,VR看装修 | 房本满五年,https://dg.lianjia.com/ershoufang/105121764463.html
中惠卡丽兰95平复式三房，业主诚意出售,"中惠卡丽兰 , 寮步",3室2厅,95.15平米,南,精装,低楼层(共7层) ,,板塔结合,155 万,16291 元,1,,,VR房源 | 房本满五年 | 随时看房,https://dg.lianjia.com/ershoufang/105118224929.html
大运城邦二期大三房居家高楼层，采光好，看花园,"大运城邦卫城 , 凤岗镇",3室2厅,135.75平米,南 北,精装,25层 ,,板塔结合,238 万,17533 元,1,,,VR看装修 | 房本满五年 | 随时看房,https://dg.lianjia.com/ershoufang/105117434062.html
融创南北对流双阳台四房，视野采光好，装修保养好,"融创松湖澜园 , 大岭山镇",4室2厅,115.35平米,南 北,,25层 ,,板塔结合,128 万,11097 元,0,,,VR房源 | 房本满五年,https://dg.lianjia.com/ershoufang/105121819735.html
樟木头火车站--绿茵豪庭  3房 诚意出售,"绿茵豪庭 , 樟木头镇",3室1厅,123.02平米,南,简装,低楼层(共22层) ,,塔楼,96.8 万,7869 元,0,,,VR房源 | 房本满五年 | 随时看房,https://dg.lianjia.com/ershoufang/105122212046.html
凯旋城南北通透三房，高层，视野开阔，位置安静，诚售,"中信凯旋城 , 东泰",3室2厅,123.3平米,南 北,简装,11层 ,,板塔结合,270 万,21898 元,1,,,VR看装修 | 房本满五年 | 随时看房,https://dg.lianjia.com/ershoufang/105119314385.html
君珆花园110平三房前后视野开阔采光很好,"君珆花园 , 西平",3室1厅,110.94平米,南,精装,中楼层(共23层) ,,板楼,250 万,22535 元,2,,,近地铁 | VR看装修 | 房本满五年 | 随时看房,https://dg.lianjia.com/ershoufang/105120326628.html
房子保养好采光充足视野宽阔高楼层,"南部湾万科城 , 大宁",3室2厅,96.81平米,南 西南,精装,41层 ,,塔楼,155 万,16011 元,0,,,VR看装修 | 房本满五年 | 随时看房,https://dg.lianjia.com/ershoufang/105118541012.html
镇 中 心 精 装 三 房 免 增 值 税，随 时 看 房,"爱都花园 , 樟木头镇",3室1厅,65平米,南,精装,高楼层(共32层) ,,塔楼,32.8 万,5047 元,34,,,VR看装修 | 房本满五年 | 随时看房,https://dg.lianjia.com/ershoufang/105107110062.html
价格实惠，精装两房，美女一手房,"卓越弥敦道 , 石碣镇",2室1厅,34.47平米,南,精装,高楼层(共18层) ,,塔楼,29 万,8414 元,1,,,,https://dg.lianjia.com/ershoufang/105118963244.html
松湖明珠四房，业主诚心出售，装修爱护好,"碧桂园松湖明珠 , 横沥镇",4室2厅,107.29平米,东南,精装,低楼层(共26层) ,,塔楼,169.9 万,15836 元,0,,,VR看装修 | 房本满两年 | 随时看房,https://dg.lianjia.com/ershoufang/105118481272.html
格林小城3房带露台，露台已搭好棚,"金地格林小城 , 西平",3室2厅,113.2平米,西南,,高楼层(共11层) ,,板塔结合,218 万,19258 元,1,,26天以前发布,近地铁 | VR房源 | 房本满五年,https://dg.lianjia.com/ershoufang/105122309176.html
东莞沙田天琴湾花园 精装修 高楼层 户型好 业主急售,"天琴湾花园 , 沙田镇",3室2厅,104.43平米,东 北,精装,29层 ,,板塔结合,88 万,8427 元,2,,,VR看装修 | 房本满两年,https://dg.lianjia.com/ershoufang/105119642720.html
金地湖山大境二期高层三房 诚心出售,"金地湖山大境二期 , 黄江镇",3室1厅,102.49平米,南,毛坯,26层 ,,板塔结合,126 万,12294 元,2,,,VR看装修 | 房本满五年 | 随时看房,https://dg.lianjia.com/ershoufang/105115454766.html
阔绰复式五房，刚需住家的理想选择,"安娜花园 , 横沥镇",5室2厅,252平米,西南,精装,低楼层(共6层) ,,板塔结合,169.9 万,6743 元,0,,,VR房源 | 房本满五年 | 随时看房,https://dg.lianjia.com/ershoufang/105121592702.html
金地湖山大境二期三房 靠山看湖景,"金地湖山大境二期 , 黄江镇",3室2厅,103.19平米,南,精装,25层 ,,板塔结合,141 万,13665 元,0,,,VR看装修 | 房本满两年 | 随时看房,https://dg.lianjia.com/ershoufang/105119274449.html
火车站香樟国际花园 全新装修一房2厅 电梯好楼层,"香樟国际 , 樟木头镇",1室2厅,43.42平米,南,精装,高楼层(共22层) ,,塔楼,39 万,8983 元,0,,,VR看装修 | 房本满五年 | 随时看房,https://dg.lianjia.com/ershoufang/105121065302.html
紫台三房 可合单证！看房有钥匙 诚意卖,"万科紫台 , 地标",3室2厅,140平米,北,简装,中楼层(共26层) ,,板塔结合,220 万,15715 元,4,,,VR看装修 | 房本满五年 | 随时看房,https://dg.lianjia.com/ershoufang/105108353009.html
翠欣苑3房2厅2卫 朝南方正户型,"翠欣苑 , 华南摩尔",3室2厅,119.56平米,东南,精装,中楼层(共11层) ,,塔楼,145 万,12128 元,0,,,VR看装修 | 房本满五年 | 随时看房,https://dg.lianjia.com/ershoufang/105116179766.html
新世纪颐龙湾 四期精装三房 业主自住保养好 诚意出售,"新世纪颐龙湾 , 高埗镇",3室2厅,96.69平米,南,精装,高楼层(共18层) ,,板塔结合,140 万,14480 元,1,,,VR看装修 | 房本满五年,https://dg.lianjia.com/ershoufang/105119748123.html
时代城二梯二户，业主自住，中式装修四房,"光大景湖时代城 , 西平",4室2厅,172.03平米,东南,精装,32层 ,,板塔结合,500 万,29065 元,1,,,近地铁 | VR看装修 | 房本满五年 | 随时看房,https://dg.lianjia.com/ershoufang/105117921456.html
新时代家园 2房2厅 仅需75万 价格优惠,"新时代家园 , 凤岗镇",2室2厅,43平米,西南,,18层 ,,板塔结合,60 万,13954 元,1,,,VR看装修 | 房本满五年,https://dg.lianjia.com/ershoufang/105119595051.html
三正瑞士半山，业主自住新装修，满五唯一，红本在手,"三正瑞士半山 , 凤岗镇",3室2厅,83.02平米,南,精装,27层 ,,板塔结合,108 万,13009 元,3,,,VR看装修 | 房本满五年,https://dg.lianjia.com/ershoufang/105121585672.html
中高楼层 生活便利 自住房保养好 南北对流,"东城万达广场 , 世博广场",4室2厅,179.12平米,南,精装,低楼层(共30层) ,,板塔结合,420 万,23448 元,0,,,近地铁 | VR房源 | 房本满五年 | 随时看房,https://dg.lianjia.com/ershoufang/105118277089.html
西平高 端小区景湖时代城3房，南向看花园，随时看房,"光大景湖时代城 , 西平",3室2厅,99.92平米,南,精装,16层 ,,板塔结合,260 万,26021 元,3,,,近地铁 | VR看装修 | 房本满五年 | 随时看房,https://dg.lianjia.com/ershoufang/105119830059.html
汇景城市精装三房，南北对流，双阳台，过五唯一,"汇景城市中心 , 樟木头镇",3室2厅,106.79平米,东南,精装,低楼层(共22层) ,,塔楼,134.8 万,12623 元,0,,,VR看装修 | 房本满五年,https://dg.lianjia.com/ershoufang/105118080706.html
香市一号精装大三房装修好高楼层安静,"海悦香郡花园 , 寮步",3室2厅,124平米,南 北,精装,高楼层(共23层) ,,塔楼,218 万,17581 元,0,,,VR看装修 | 房本满五年 | 随时看房,https://dg.lianjia.com/ershoufang/105121809129.html
业主诚意出售，中高楼层视野开阔采光好，小区环境好,"茶山碧桂园 , 茶山镇",2室2厅,75平米,南,精装,中楼层(共19层) ,,板塔结合,65 万,8667 元,0,,,随时看房,https://dg.lianjia.com/ershoufang/105121893237.html
碧海云天高层看海景三房，居住舒服！,"碧海云天 , 沙田镇",3室1厅,103.87平米,西南,精装,高楼层(共32层) ,,塔楼,122 万,11746 元,0,,,VR看装修 | 随时看房,https://dg.lianjia.com/ershoufang/105122081386.html
大运六期，精装三房 南北通透  看山景,"大运城邦璟城 , 凤岗镇",3室2厅,95.73平米,北 南,精装,21层 ,,塔楼,179 万,18699 元,0,,,VR看装修 | 房本满五年,https://dg.lianjia.com/ershoufang/105121613810.html
东成花园 3室2厅 东南,"东成花园 , 横沥镇",3室2厅,97.07平米,东南,精装,17层 ,,板塔结合,110 万,11333 元,0,,8天以前发布,VR房源 | 房本满五年,https://dg.lianjia.com/ershoufang/105122486372.html
旗峰花园3房2厅 满五唯一刚需上车必看  看房方便,"旗峰花园 , 黄旗山",3室1厅,109.12平米,西南,精装,中楼层(共21层) ,,塔楼,150 万,13747 元,0,,3天以前发布,近地铁 | VR房源 | 房本满五年 | 随时看房,https://dg.lianjia.com/ershoufang/105122544609.html
大客厅，中间好楼层， 阳台正南视野无遮挡,"御河湾花园 , 横沥镇",3室1厅,95.7平米,东南,毛坯,中楼层(共32层) ,,板塔结合,84 万,8778 元,0,,,VR房源 | 房本满五年 | 随时看房,https://dg.lianjia.com/ershoufang/105122213802.html
家和时代毛坯三房 楼层好 视野开阔,"家和时代 , 寮步",3室2厅,98.65平米,南,毛坯,高楼层(共32层) ,,板塔结合,170 万,17233 元,0,,,VR看装修 | 房本满五年 | 随时看房,https://dg.lianjia.com/ershoufang/105122010196.html
常平大道，湾区地铁口旁，交通便利，配套齐全 ，,"置富广场 , 常平镇",3室2厅,89.81平米,北,,高楼层(共13层) ,,塔楼,48 万,5345 元,0,,,VR看装修 | 房本满五年 | 随时看房,https://dg.lianjia.com/ershoufang/105122058005.html
常平大道物业 户型方正 交通方便,"置富广场 , 常平镇",2室2厅,69.6平米,东南 东北,,高楼层(共13层) ,,塔楼,42 万,6035 元,0,,16天以前发布,VR房源 | 房本满五年 | 随时看房,https://dg.lianjia.com/ershoufang/105122403814.html
碧海云天四期 4房中高层 户型好 业主诚意急卖,"碧海云天 , 沙田镇",4室2厅,137平米,东南,,中楼层(共32层) ,,塔楼,155 万,11314 元,0,,,VR看装修 | 随时看房,https://dg.lianjia.com/ershoufang/105121777409.html
稀 少 户型带大平台  过五年唯一  装修比图片更好,"保利林语花园 , 樟木头镇",3室2厅,125.94平米,南 北,精装,27层 ,,板塔结合,127 万,10085 元,4,,,VR看装修 | 房本满五年,https://dg.lianjia.com/ershoufang/105110174822.html
理想沁园三房，厅出阳台，朝南看小区花园，诚心出售,"理想沁园 , 客运总站",3室2厅,92.89平米,南,精装,低楼层(共18层) ,,板塔结合,115 万,12381 元,0,,,VR看装修 | 房本满五年,https://dg.lianjia.com/ershoufang/105116952984.html
没有个税 没有个税 位置安静 小区环境好 物业严谨,"南部湾万科城 , 大宁",3室2厅,96.76平米,西南,精装,41层 ,,塔楼,169 万,17466 元,0,,,VR看装修 | 房本满两年,https://dg.lianjia.com/ershoufang/105121745018.html
高层东南向大四房，通风采光佳，自住保养好，无按揭,"万科首铸翡翠东望 , 鸿福路口",4室2厅,115.95平米,南 北,精装,高楼层(共33层) ,,板楼,325 万,28030 元,0,,,VR看装修 | 房本满两年,https://dg.lianjia.com/ershoufang/105122093918.html
南城次新小区温馨大两房，急售，位置安静拎包可入住,"汇龙湾 , 宏远北",2室2厅,76.02平米,西南,精装,低楼层(共32层) ,,塔楼,105 万,13813 元,1,,,VR看装修 | 房本满五年 | 随时看房,https://dg.lianjia.com/ershoufang/105121348892.html
星城翠珑湾四期  四开间朝南飞机户型,"星城翠珑湾四期 , 寮步",3室2厅,113.97平米,南,精装,中楼层(共30层) ,,板塔结合,249 万,21848 元,2,,,VR看装修 | 房本满两年 | 随时看房,https://dg.lianjia.com/ershoufang/105118639857.html
嘉宏锦园 3室2厅 南 北,"嘉宏锦园 , 上下桥",3室2厅,99.89平米,南 北,,高楼层(共32层) ,,塔楼,200 万,20023 元,0,,,VR房源 | 房本满两年 | 随时看房,https://dg.lianjia.com/ershoufang/105121441186.html
盛和雅颂花园 3室2厅 南,"盛和雅颂花园 , 横沥镇",3室2厅,98.32平米,南,精装,28层 ,,板塔结合,115 万,11697 元,0,,,VR看装修 | 房本满五年,https://dg.lianjia.com/ershoufang/105121435478.html
锦龙湾畔83平三房全新装修朝南向,"锦龙湾畔一期 , 凤岗镇",3室2厅,83.2平米,东南,精装,25层 ,,板塔结合,130 万,15625 元,0,,,VR看装修 | 房本满两年 | 随时看房,https://dg.lianjia.com/ershoufang/105122145148.html
富盈御荷三房两卫 简单装修双阳台,"富盈御荷 , 桥头镇",3室2厅,102平米,东南,精装,高楼层(共22层) ,,塔楼,88 万,8628 元,1,,,VR看装修 | 随时看房,https://dg.lianjia.com/ershoufang/105120991149.html
业主诚意出售，高楼层，看湖景，采光好，保养好,"中惠松湖城一期 , 寮步",3室2厅,83.68平米,北,精装,23层 ,,塔楼,100 万,11951 元,7,,,VR看装修 | 房本满五年 | 随时看房,https://dg.lianjia.com/ershoufang/105115600735.html
房子是中楼层，装修好，采光通风好，拎包即可入住,"利通花园 , 花园新村",1室1厅,35.32平米,东南,精装,低楼层(共17层) ,,板楼,63 万,17837 元,0,,,VR看装修 | 随时看房,https://dg.lianjia.com/ershoufang/105117467735.html
塞纳河畔4室2厅近3年装修过，南向边位，安静保养好,"田禾塞纳河畔 , 运河东",4室2厅,131.72平米,南,精装,29层 ,,板塔结合,245 万,18601 元,0,,,VR看装修 | 房本满两年 | 随时看房,https://dg.lianjia.com/ershoufang/105120978452.html
松湖明珠中楼层92平三房诚意出售,"碧桂园松湖明珠 , 横沥镇",3室2厅,92.04平米,南,精装,中楼层(共21层) ,,板塔结合,136 万,14777 元,0,,,VR看装修,https://dg.lianjia.com/ershoufang/105121069638.html
都会广场旁 精装保养好 住宅性质，无管理费,"万江万福路22号 , 万江中心",3室1厅,110.82平米,东,精装,高楼层(共7层) ,,板楼,48 万,4332 元,1,,,VR房源 | 房本满五年 | 随时看房,https://dg.lianjia.com/ershoufang/105120524557.html
实验南侧2013年交楼的房，精致两房，功能性强户口可迁,"百达中心 , 八达路",2室2厅,68平米,南,精装,17层 ,,板塔结合,105 万,15442 元,0,,,VR看装修,https://dg.lianjia.com/ershoufang/105115064501.html
名流印象二期  精装修 现代年轻风格装修 满五年,"名流印象花园二期 , 凤岗镇",2室2厅,78.94平米,南,精装,33层 ,,塔楼,115 万,14569 元,1,,,VR看装修 | 房本满五年,https://dg.lianjia.com/ershoufang/105112050000.html
房子方正，小区管理好，适合年轻人置业，类似酒店标间,"恒大华府 , 西城楼",1室0厅,58.45平米,南,精装,低楼层(共30层) ,,塔楼,33.5 万,5732 元,0,,,房本满五年 | 随时看房,https://dg.lianjia.com/ershoufang/105120993520.html
3年前精致装修，南向边位，通风采光佳,"万科运河东1号 , 运河东",3室2厅,113.36平米,南,精装,低楼层(共24层) ,,塔楼,198 万,17467 元,1,,,VR看装修 | 房本满五年 | 随时看房,https://dg.lianjia.com/ershoufang/105113800484.html
业主诚意出售，产权清晰，采光充足 配套齐全 近地铁口,"新世纪领居A区 , 大岭山镇",3室2厅,135平米,南 北,,中楼层(共27层) ,,板塔结合,160 万,11852 元,0,,,VR看装修 | 房本满五年,https://dg.lianjia.com/ershoufang/105120527232.html
户型方正，中高层，采光好，交通便利，生活便利,"嘉盈名苑 , 东坑镇",1室1厅,49.89平米,东南,毛坯,低楼层(共24层) ,,板塔结合,35 万,7016 元,1,,,VR看装修 | 房本满五年 | 随时看房,https://dg.lianjia.com/ershoufang/105116461783.html
御景花园大三房两厅两卫，业主诚售,"御景花园 , 樟木头镇",3室2厅,104.7平米,北,精装,中楼层(共7层) ,,板塔结合,85 万,8119 元,1,,,VR看装修 | 房本满五年 | 随时看房,https://dg.lianjia.com/ershoufang/105118471410.html
金地湖山大境二期 中高楼层 大四房 坐北朝南 看湖景,"金地湖山大境二期 , 黄江镇",4室2厅,152.84平米,南,精装,20层 ,,板塔结合,198 万,12955 元,0,,,VR看装修 | 房本满五年,https://dg.lianjia.com/ershoufang/105116829405.html
中信阳光澳园朝南户型 业主诚意出售,"中信阳光澳园 , 东泰",3室2厅,133.12平米,南,,中楼层(共11层) ,,板塔结合,205 万,15400 元,0,,,VR房源 | 房本满五年,https://dg.lianjia.com/ershoufang/105120718416.html
松湖精装3房 中间楼层 业主诚心出售,"松湖时代 , 大朗镇",3室2厅,87.55平米,南,精装,17层 ,,塔楼,110 万,12565 元,0,,,VR看装修 | 房本满两年 | 随时看房,https://dg.lianjia.com/ershoufang/105120581697.html
翠珑湾四期，两房两卫，诚心出售,"星城翠珑湾四期 , 寮步",2室2厅,54.15平米,南,精装,高楼层(共21层) ,,板塔结合,60 万,11081 元,1,,,房本满五年 | 随时看房,https://dg.lianjia.com/ershoufang/105120671299.html
全新装修，没有居住痕迹，南北通透四房，业主诚意出售,"新世纪颐龙湾 , 高埗镇",4室2厅,123.77平米,南 北,精装,中楼层(共24层) ,,塔楼,230 万,18583 元,0,,,VR看装修 | 房本满两年 | 随时看房,https://dg.lianjia.com/ershoufang/105122029660.html
翠珑湾好房 高楼层 正南向 看黄旗山国贸一无遮挡！,"丰华珑远翠珑湾 , 东平街",3室2厅,99.38平米,南,精装,中楼层(共31层) ,,板塔结合,273 万,27471 元,2,,,VR看装修 | 房本满两年 | 随时看房,https://dg.lianjia.com/ershoufang/105119200936.html
东田丽园 3室1厅 南 西南,"东田丽园 , 常平镇",3室1厅,108平米,南 西南,精装,16层 ,,板楼,110 万,10186 元,0,,23天以前发布,VR房源 | 随时看房,https://dg.lianjia.com/ershoufang/105122337047.html
横沥时代花园 复室2房 出售。。。。,"时代倾城 , 横沥镇",2室1厅,30平米,北,精装,19层 ,,塔楼,19 万,6334 元,1,,,随时看房,https://dg.lianjia.com/ershoufang/105121663549.html
海德琥珀台次新楼盘 南向 房子已装修 拎包入住,"海德琥珀台 , 火炼树",3室2厅,83.77平米,南,精装,低楼层(共34层) ,,板楼,208 万,24830 元,4,,,VR看装修 | 房本满五年 | 随时看房,https://dg.lianjia.com/ershoufang/105120526018.html
万科花园 全新装修原木风四房 中高楼层位置安静,"万科花园 , 虎门公园",4室2厅,111.18平米,东南,精装,中楼层(共34层) ,,塔楼,218 万,19608 元,0,,,VR看装修,https://dg.lianjia.com/ershoufang/105121277352.html
臻萃园 精美三房 婚房装修 全新保养 位置安静 中高层,"永江臻萃园 , 凤岗镇",3室2厅,92.25平米,南,,22层 ,,塔楼,118 万,12792 元,0,,,VR看装修 | 房本满两年,https://dg.lianjia.com/ershoufang/105119240564.html
石碣新城  全新3房 小区配套设施齐全  户型方正,"新城御珑公馆 , 石碣镇",3室2厅,81平米,东南,,高楼层(共30层) ,,塔楼,108 万,13334 元,0,,,VR看装修 | 随时看房,https://dg.lianjia.com/ershoufang/105115884266.html
丽景花园方正户型两房，朝南，无遮挡，诚意出售,"丽景花园 , 常平镇",2室2厅,66.38平米,南,,高楼层(共12层) ,,塔楼,48 万,7232 元,1,,,VR看装修 | 房本满五年 | 随时看房,https://dg.lianjia.com/ershoufang/105121895959.html
皇马郦宫精装复式2房，装修保养好，高层采光通风佳,"万科皇马郦宫 , 火炼树",2室2厅,48.89平米,东南,精装,高楼层(共12层) ,,,66 万,13500 元,1,,,房本满两年,https://dg.lianjia.com/ershoufang/105122008368.html
看中可以谈  地铁口电梯单间急卖,"方中元美广场 , 鸿福路口",1室0厅,32.85平米,西,,中楼层(共20层) ,,板楼,34 万,10351 元,0,,,VR看装修 | 房本满五年 | 随时看房,https://dg.lianjia.com/ershoufang/105113893502.html
万科花园75平三房，满五唯一少个税，采光通风好,"万科花园 , 虎门公园",3室2厅,75.61平米,西南,简装,低楼层(共34层) ,,板塔结合,116 万,15342 元,1,,,VR看装修 | 房本满五年 | 随时看房,https://dg.lianjia.com/ershoufang/105121166605.html
推窗见景 躺望落霞 两梯两户 新中式风格 品牌次新！,"光大江与城 , 高埗镇",4室2厅,136.67平米,南,精装,低楼层(共30层) ,,板塔结合,175 万,12805 元,3,,,VR房源 | 房本满五年 | 随时看房,https://dg.lianjia.com/ershoufang/105116914955.html
虎门万科花园 精装修三房两厅 诚心出售,"万科花园 , 虎门公园",3室1厅,75.63平米,东南,精装,低楼层(共34层) ,,板塔结合,118 万,15603 元,0,,,VR看装修 | 房本满两年 | 随时看房,https://dg.lianjia.com/ershoufang/105119712794.html
次新小区风华世家通透户型3房 诚意出售,"丰泰湾区风华世家 , 新联",3室2厅,93平米,南,精装,低楼层(共17层) ,,塔楼,138 万,14839 元,0,,,VR看装修,https://dg.lianjia.com/ershoufang/105122055352.html
房子远看山景和别墅，阳光充裕，业主诚意出售。,"卓越蔚蓝城邦 , 常平镇",3室2厅,97平米,东南,精装,33层 ,,板塔结合,89 万,9176 元,0,,,VR看装修 | 随时看房,https://dg.lianjia.com/ershoufang/105120298007.html
高层装修保养好，视野开阔，通风采光好得近阳光十小,"万科首铸翡翠东望 , 鸿福路口",3室2厅,92.99平米,南,精装,高楼层(共33层) ,,板楼,248 万,26670 元,0,,,VR房源 | 房本满两年 | 随时看房,https://dg.lianjia.com/ershoufang/105120592216.html
万科花园 3室1厅 东北,"万科花园 , 虎门公园",3室1厅,75平米,东北,精装,中楼层(共34层) ,,板塔结合,112 万,14934 元,1,,13天以前发布,VR房源 | 随时看房,https://dg.lianjia.com/ershoufang/105122432934.html
格局户型方正采光通风效果好 朝南看小区花园中间楼层,"天悦家园 , 塘厦镇",3室2厅,94.43平米,南,精装,高楼层(共28层) ,,塔楼,137 万,14509 元,0,,,VR看装修 | 房本满两年,https://dg.lianjia.com/ershoufang/105121859807.html
户型方正 满五唯一不欠款 朝南方向,"金地外滩8号 , 胜利路",3室2厅,100.78平米,南,精装,低楼层(共29层) ,,板塔结合,173 万,17167 元,1,,,VR看装修 | 房本满五年 | 随时看房,https://dg.lianjia.com/ershoufang/105120631422.html
碧桂园柏丽湾大三房，视野开宽，带车位诚意售,"碧桂园柏丽湾 , 沙田镇",3室2厅,96.53平米,南,精装,中楼层(共17层) ,,塔楼,95 万,9842 元,0,,,VR房源 | 房本满五年 | 随时看房,https://dg.lianjia.com/ershoufang/105117378337.html
小区物业管理好，配套设施齐全，交通便利，宜居住,"瑞康花园 , 横沥镇",3室2厅,95平米,南,简装,低楼层(共19层) ,,塔楼,55 万,5790 元,0,,,VR看装修 | 房本满五年 | 随时看房,https://dg.lianjia.com/ershoufang/105115322804.html
保利南向2房  采光好，无欠款 交易简单,"保利红珊瑚花园 , 松山湖",2室1厅,78.99平米,西南,,15层 ,,塔楼,245 万,31017 元,0,,25天以前发布,VR房源 | 房本满五年 | 随时看房,https://dg.lianjia.com/ershoufang/105122318001.html
中惠精装三房 带全屋定制 拎包入住 无欠款 随时可看！,"中惠悦湾 , 石碣镇",3室2厅,98.05平米,南,精装,低楼层(共20层) ,,塔楼,93.8 万,9567 元,0,,17天以前发布,VR房源 | 随时看房,https://dg.lianjia.com/ershoufang/105122383094.html
东南靓向，高层三房，不欠款交易快,"万科金域松湖花园一期 , 松山湖",3室2厅,129.23平米,东南,精装,高楼层(共25层) ,,塔楼,316 万,24453 元,1,,,VR看装修 | 房本满五年 | 随时看房,https://dg.lianjia.com/ershoufang/105120922042.html
上车好房 次新小区 精装可拎包入住 商品房 小三居,"富盈松湖公馆 , 茶山镇",3室2厅,94.84平米,南,精装,低楼层(共19层) ,,塔楼,105 万,11072 元,2,,,VR看装修 | 随时看房,https://dg.lianjia.com/ershoufang/105121488314.html
卓越蔚蓝岸1.5公里上高速 4年楼龄低市场成交价10多万,"卓越蔚蓝岸 , 塘厦镇",3室2厅,98.05平米,南,精装,33层 ,,板塔结合,108 万,11015 元,6,,,VR房源 | 房本满两年,https://dg.lianjia.com/ershoufang/105119503663.html
美式别墅，百万装修，户型方正使用率高,"松湖春天 , 大岭山镇",4室2厅,162.32平米,南,精装,6层 ,,板塔结合,499 万,30742 元,0,,,VR看装修 | 房本满五年,https://dg.lianjia.com/ershoufang/105117311573.html
朝南精装小三房 户型方正 楼层好 采光通风好,"沙田碧桂园滨江豪园 , 沙田镇",3室1厅,86.6平米,南,精装,29层 ,,塔楼,88 万,10162 元,1,,,VR看装修 | 房本满五年 | 随时看房,https://dg.lianjia.com/ershoufang/105119988376.html
三房只要两房的价格，拎包入住，带租约看房方便,"名流印象花园一期 , 凤岗镇",3室2厅,88.45平米,南 北,精装,28层 ,,塔楼,120 万,13567 元,0,,,VR看装修 | 房本满五年 | 随时看房,https://dg.lianjia.com/ershoufang/105121755444.html
源悦精装朝南通透次新三房 中楼层满二无个税诚意急售,"建鼎·源悦 , 寮步",3室2厅,89.32平米,南,精装,中楼层(共31层) ,,板塔结合,162 万,18138 元,1,,,VR看装修 | 房本满两年,https://dg.lianjia.com/ershoufang/105122004727.html
祥利四期新上 全新没住过高楼层 业主诚心出售 价可谈,"祥利花园 , 凤岗镇",3室2厅,88.01平米,南,精装,32层 ,,塔楼,115 万,13067 元,2,,,VR看装修 | 房本满两年 | 随时看房,https://dg.lianjia.com/ershoufang/105121873737.html
莞城怡康花园 电梯2房 带平台 自住装修保养好,"怡康花园 , 东莞行政中心区",2室2厅,54平米,南,,低楼层(共13层) ,,板塔结合,75 万,13889 元,1,,,VR看装修 | 房本满五年,https://dg.lianjia.com/ershoufang/105119726946.html
厅大房大 实用率高 南北对流 产权清晰，价格可谈,"银兴楼 , 花园新村",3室2厅,110.34平米,东南,简装,中楼层(共8层) ,,塔楼,73 万,6616 元,2,,,VR看装修 | 房本满两年 | 随时看房,https://dg.lianjia.com/ershoufang/105113737048.html
石竹山水园8期大三房，通风采光好,"石竹山水园望景台 , 桥头镇",3室2厅,129.07平米,南,,高楼层(共28层) ,,塔楼,144 万,11157 元,1,,,VR房源 | 房本满五年 | 随时看房,https://dg.lianjia.com/ershoufang/105116557985.html
庆峰花园 少有的南北双阳台大三房 朝花园安静,"庆峰花园 , 石井",3室2厅,141.99平米,南,精装,中楼层(共11层) ,,塔楼,206 万,14509 元,0,,,VR房源 | 房本满五年,https://dg.lianjia.com/ershoufang/105119855594.html
阔绰大三房标配的舒服尺度，60平米露台给生活额外惊喜,"金地格林小城 , 西平",3室2厅,128.88平米,南,简装,高楼层(共9层) ,,板塔结合,215 万,16683 元,2,,,VR房源 | 房本满五年 | 随时看房,https://dg.lianjia.com/ershoufang/105121941244.html
盈彩美地复式4房 电梯 中高层 视野采光好,"盈彩美地 , 上下桥",4室2厅,172.2平米,南,简装,高楼层(共11层) ,,塔楼,198 万,11499 元,2,,,VR房源 | 房本满五年,https://dg.lianjia.com/ershoufang/105114260575.html
中间楼层，视野比较好。业主诚意出售,"嘉宏圆梦雅居 , 松山湖",3室2厅,79.89平米,北,精装,中楼层(共19层) ,,塔楼,78 万,9764 元,1,,,随时看房,https://dg.lianjia.com/ershoufang/105119896484.html
南向三房 位置安静 业主自住保养新 楼层好,"万科第五城 , 高埗镇",3室1厅,93平米,西南,精装,34层 ,,板楼,125 万,13441 元,1,,,VR房源,https://dg.lianjia.com/ershoufang/105120263351.html
颐龙湾 五期 三房两厅一卫 毛坯,"新世纪颐龙湾 , 高埗镇",3室2厅,86平米,北,毛坯,低楼层(共21层) ,,板塔结合,98 万,11396 元,3,,,VR看装修 | 随时看房,https://dg.lianjia.com/ershoufang/105114116194.html
鸿福路总价低单房，近地铁口，近广场,"鸿福广场 , 鸿福路口",1室0厅,31.23平米,东北,精装,低楼层(共20层) ,,板楼,34.8 万,11144 元,0,,,VR看装修 | 房本满五年,https://dg.lianjia.com/ershoufang/105121430969.html
楼梯房，公摊小，刚需户型，崇焕路旁边，有小区管理,"民興阁 , 石碣镇",2室2厅,62.67平米,西南,简装,中楼层(共7层) ,,塔楼,25 万,3990 元,5,,,VR看装修 | 房本满五年,https://dg.lianjia.com/ershoufang/105117058277.html
保利悦湖公馆 96平三房两厅两卫 业主诚心卖,"保利悦湖公馆 , 石排镇",3室2厅,96.57平米,南,毛坯,低楼层(共26层) ,,塔楼,120 万,12427 元,0,,,VR看装修 | 房本满两年 | 随时看房,https://dg.lianjia.com/ershoufang/105118408405.html
房子是标准的三房，朝南的，户型好，大三房每个房间,"世纪城国际公馆三期仁里 , 西平",3室1厅,125.19平米,西南,精装,低楼层(共16层) ,,塔楼,260 万,20769 元,1,,,近地铁 | VR房源 | 房本满五年 | 随时看房,https://dg.lianjia.com/ershoufang/105122070874.html
誉轩大3房，安静不吵闹，业主诚心出售，看房方便,"誉轩 , 石碣镇",3室2厅,118平米,南,精装,16层 ,,板塔结合,88 万,7458 元,1,,,VR房源 | 房本满五年 | 随时看房,https://dg.lianjia.com/ershoufang/105116558074.html
香樟绿洲标准4房 南北对流户型方正。少有户型。很划算,"中惠香樟绿洲 , 樟木头镇",4室2厅,113.47平米,南,简装,18层 ,,板楼,120 万,10576 元,7,,,VR看装修 | 房本满五年,https://dg.lianjia.com/ershoufang/105111232018.html
此房证满二年免增值税，通风采光好，实用十足！,"新世界花园 , 黄旗山",3室2厅,104.09平米,南,,中楼层(共6层) ,,塔楼,130 万,12490 元,0,,,VR看装修 | 房本满五年,https://dg.lianjia.com/ershoufang/105119173205.html
松湖明珠四房，业主诚心出售，装修爱护好,"碧桂园松湖明珠 , 横沥镇",4室2厅,107.29平米,东南,精装,低楼层(共26层) ,,塔楼,169.9 万,15836 元,0,,,VR看装修 | 房本满两年 | 随时看房,https://dg.lianjia.com/ershoufang/105118481272.html
新世纪颐龙湾南北对流中高楼层看花园业主自住保养好,"新世纪颐龙湾 , 高埗镇",4室2厅,107.09平米,南 北,精装,高楼层(共29层) ,,板塔结合,172 万,16062 元,0,,,VR看装修 | 房本满五年,https://dg.lianjia.com/ershoufang/105116628100.html
满五 没有欠款 格局方正 户型好楼层好 采光无遮挡,"嘉辉豪庭 , 凤岗镇",2室2厅,79.11平米,北,简装,29层 ,,板塔结合,90 万,11377 元,4,,,VR看装修 | 房本满五年,https://dg.lianjia.com/ershoufang/105115726537.html
美丽湾畔二期 158平大四房 精装 带一个车位,"美丽湾畔花园 , 茶山镇",4室2厅,158.13平米,南,精装,15层 ,,板塔结合,180 万,11384 元,0,,,VR看装修 | 房本满五年 | 随时看房,https://dg.lianjia.com/ershoufang/105121514057.html
汇商花苑，天然氧吧，四房两卫，精装中高楼层急卖,"汇商花苑 , 凤岗镇",4室2厅,106.24平米,西南,精装,18层 ,,塔楼,139.8 万,13159 元,0,,,VR房源 | 房本满五年 | 随时看房,https://dg.lianjia.com/ershoufang/105117296243.html
此房满五 税少价格可谈 项目所在地处于珠三角交通枢纽,"卓越蔚蓝城邦 , 常平镇",4室2厅,169平米,东南,精装,33层 ,,板塔结合,208 万,12308 元,1,,,VR看装修 | 房本满五年 | 随时看房,https://dg.lianjia.com/ershoufang/105110973809.html
翠珑湾全新未住99三房看黄旗山,"丰华珑远翠珑湾 , 东平街",3室2厅,99.39平米,南,精装,中楼层(共32层) ,,板塔结合,279 万,28072 元,0,,11天以前发布,VR房源 | 房本满两年 | 随时看房,https://dg.lianjia.com/ershoufang/105122455652.html
东城地铁口，近万达.世博商圈，户型方正，装修保养好,"东城中心 , 黄旗山",4室1厅,195.82平米,南,精装,高楼层(共17层) ,,塔楼,290 万,14810 元,0,,6天以前发布,近地铁 | VR房源 | 房本满五年 | 随时看房,https://dg.lianjia.com/ershoufang/105122509965.html
莞北红盘 园林小区 香港H宅教父 沿江而建 品质居住,"新鸿基珑汇 , 石龙镇",3室2厅,93.63平米,北,毛坯,中楼层(共31层) ,,板塔结合,90 万,9613 元,2,,,VR看装修 | 房本满五年 | 随时看房,https://dg.lianjia.com/ershoufang/105111774462.html
樟木头火车站--绿茵豪庭  3房 诚意出售,"绿茵豪庭 , 樟木头镇",3室1厅,123.02平米,南,简装,低楼层(共22层) ,,塔楼,96.8 万,7869 元,0,,,VR房源 | 房本满五年 | 随时看房,https://dg.lianjia.com/ershoufang/105122212046.html
君珆花园110平三房前后视野开阔采光很好,"君珆花园 , 西平",3室1厅,110.94平米,南,精装,中楼层(共23层) ,,板楼,250 万,22535 元,2,,,近地铁 | VR看装修 | 房本满五年 | 随时看房,https://dg.lianjia.com/ershoufang/105120326628.html
房子保养好采光充足视野宽阔高楼层,"南部湾万科城 , 大宁",3室2厅,96.81平米,南 西南,精装,41层 ,,塔楼,155 万,16011 元,0,,,VR看装修 | 房本满五年 | 随时看房,https://dg.lianjia.com/ershoufang/105118541012.html
凯旋城南北通透三房，高层，视野开阔，位置安静，诚售,"中信凯旋城 , 东泰",3室2厅,123.3平米,南 北,简装,11层 ,,板塔结合,270 万,21898 元,1,,,VR看装修 | 房本满五年 | 随时看房,https://dg.lianjia.com/ershoufang/105119314385.html
阳光粤港 户型方正采光好 带大院子配套完善,"阳光粤港 , 横沥镇",2室1厅,62.76平米,东南,简装,11层 ,,板塔结合,62 万,9879 元,0,,18天以前发布,VR房源 | 房本满五年,https://dg.lianjia.com/ershoufang/105122378321.html
此房在小区中间位置，视野开阔，小区环境好，出行方便,"中熙玖颂江湾 , 石碣镇",4室2厅,115.07平米,南,,高楼层(共32层) ,,塔楼,155 万,13471 元,1,,,VR看装修 | 房本满两年 | 随时看房,https://dg.lianjia.com/ershoufang/105114948270.html
价格实惠，精装两房，美女一手房,"卓越弥敦道 , 石碣镇",2室1厅,34.47平米,南,精装,高楼层(共18层) ,,塔楼,29 万,8414 元,1,,,,https://dg.lianjia.com/ershoufang/105118963244.html
锦绣半山业主诚心出售双阳台3＋1户型,"锦绣半山 , 黄河中心",3室2厅,121.03平米,东,,中楼层(共17层) ,,塔楼,138 万,11403 元,0,,,VR房源 | 房本满五年,https://dg.lianjia.com/ershoufang/105121810324.html
房子户型方正，边位户，采光通风效果好，安静舒适..,"虎门国际公馆 , 新联",3室2厅,135平米,东南,,高楼层(共17层) ,,塔楼,195 万,14445 元,2,,,VR看装修 | 房本满五年 | 随时看房,https://dg.lianjia.com/ershoufang/105114569607.html
连升豪庭 中高楼层 装修漂亮 诚意出售,"连升豪庭 , 万达",2室1厅,75.46平米,南,简装,中楼层(共22层) ,,塔楼,115 万,15240 元,0,,,VR看装修 | 房本满五年,https://dg.lianjia.com/ershoufang/105119704875.html
天骄峰景 毛坯复式四房 东南向采光通风好安静 急售！,"天骄峰景B区 , 石井",4室2厅,78.63平米,东南,毛坯,低楼层(共17层) ,,板塔结合,260 万,33067 元,3,,,VR房源 | 房本满五年 | 随时看房,https://dg.lianjia.com/ershoufang/105110682451.html
东城地铁口，近万达.世博商圈，户型方正，装修保养好,"东城中心 , 黄旗山",4室1厅,195.82平米,南,精装,高楼层(共17层) ,,塔楼,290 万,14810 元,0,,6天以前发布,近地铁 | VR房源 | 房本满五年 | 随时看房,https://dg.lianjia.com/ershoufang/105122509965.html
锦绣半山业主诚心出售双阳台3＋1户型,"锦绣半山 , 黄河中心",3室2厅,121.03平米,东,,中楼层(共17层) ,,塔楼,138 万,11403 元,0,,,VR房源 | 房本满五年,https://dg.lianjia.com/ershoufang/105121810324.html
新世纪颐龙湾南北对流中高楼层看花园业主自住保养好,"新世纪颐龙湾 , 高埗镇",4室2厅,107.09平米,南 北,精装,高楼层(共29层) ,,板塔结合,172 万,16062 元,0,,,VR看装修 | 房本满五年,https://dg.lianjia.com/ershoufang/105116628100.html
楼梯房，公摊小，刚需户型，崇焕路旁边，有小区管理,"民興阁 , 石碣镇",2室2厅,62.67平米,西南,简装,中楼层(共7层) ,,塔楼,25 万,3990 元,5,,,VR看装修 | 房本满五年,https://dg.lianjia.com/ershoufang/105117058277.html
此房证满二年免增值税，通风采光好，实用十足！,"新世界花园 , 黄旗山",3室2厅,104.09平米,南,,中楼层(共6层) ,,塔楼,130 万,12490 元,0,,,VR看装修 | 房本满五年,https://dg.lianjia.com/ershoufang/105119173205.html
香樟绿洲标准4房 南北对流户型方正。少有户型。很划算,"中惠香樟绿洲 , 樟木头镇",4室2厅,113.47平米,南,简装,18层 ,,板楼,120 万,10576 元,7,,,VR看装修 | 房本满五年,https://dg.lianjia.com/ershoufang/105111232018.html
此房满五 税少价格可谈 项目所在地处于珠三角交通枢纽,"卓越蔚蓝城邦 , 常平镇",4室2厅,169平米,东南,精装,33层 ,,板塔结合,208 万,12308 元,1,,,VR看装修 | 房本满五年 | 随时看房,https://dg.lianjia.com/ershoufang/105110973809.html
融创南北对流双阳台四房，视野采光好，装修保养好,"融创松湖澜园 , 大岭山镇",4室2厅,115.35平米,南 北,,25层 ,,板塔结合,128 万,11097 元,0,,,VR房源 | 房本满五年,https://dg.lianjia.com/ershoufang/105121819735.html
中惠卡丽兰95平复式三房，业主诚意出售,"中惠卡丽兰 , 寮步",3室2厅,95.15平米,南,精装,低楼层(共7层) ,,板塔结合,155 万,16291 元,1,,,VR房源 | 房本满五年 | 随时看房,https://dg.lianjia.com/ershoufang/105118224929.html
大运城邦二期大三房居家高楼层，采光好，看花园,"大运城邦卫城 , 凤岗镇",3室2厅,135.75平米,南 北,精装,25层 ,,板塔结合,238 万,17533 元,1,,,VR看装修 | 房本满五年 | 随时看房,https://dg.lianjia.com/ershoufang/105117434062.html
地铁口距离近，莞城的大社区，低楼层，管理费低,"第二教师村 , 上下桥",3室2厅,88平米,南,,中楼层(共7层) ,,板塔结合,78 万,8864 元,0,,,近地铁 | VR看装修 | 房本满五年 | 随时看房,https://dg.lianjia.com/ershoufang/105111236914.html
方正三房，东南朝向，看百花公园。,"东骏豪苑 , 西平",3室2厅,112.35平米,东南,,低楼层(共16层) ,,板塔结合,225 万,20027 元,1,,,VR看装修 | 房本满五年 | 随时看房,https://dg.lianjia.com/ershoufang/105120465976.html
嘉辉豪庭 户型方正 采光好 朝南,"嘉辉豪庭 , 凤岗镇",2室1厅,87.89平米,南,毛坯,23层 ,,板塔结合,88 万,10013 元,2,,,VR房源 | 房本满五年 | 随时看房,https://dg.lianjia.com/ershoufang/105121555300.html
东骏豪苑 高层南向看花园 方正精装大4房出售 出国急售,"东骏豪苑 , 西平",4室2厅,165.66平米,南,精装,高楼层(共18层) ,,板塔结合,418 万,25233 元,1,,,VR看装修 | 房本满五年 | 随时看房,https://dg.lianjia.com/ershoufang/105120633822.html
盛世华南大三房东南向高楼层无欠款诚意急售,"盛世华南 , 华南摩尔",3室2厅,138.01平米,南,精装,高楼层(共18层) ,,塔楼,150 万,10869 元,0,,,VR房源 | 房本满两年 | 随时看房,https://dg.lianjia.com/ershoufang/105122192599.html
时富花园 精致两房 诚意出售 万科管理小区,"时富花园 , 寮步",2室2厅,66.65平米,北,精装,中楼层(共5层) ,,板塔结合,69 万,10353 元,1,,,VR看装修 | 房本满五年 | 随时看房,https://dg.lianjia.com/ershoufang/105117515779.html
万象汇旁星城翠珑湾四期 满五唯一飞机户型三房,"星城翠珑湾四期 , 寮步",3室2厅,96.93平米,南,精装,低楼层(共26层) ,,板塔结合,196 万,20221 元,2,,,VR房源 | 房本满五年 | 随时看房,https://dg.lianjia.com/ershoufang/105121205770.html
弥敦道御府3房全新未入住，看花园,"卓越弥敦道御府 , 石碣镇",3室2厅,92平米,东南,简装,高楼层(共32层) ,,板塔结合,106 万,11522 元,2,,,VR看装修 | 随时看房,https://dg.lianjia.com/ershoufang/105119921307.html
御景花园 低楼层3房 采光充足 免费停车,"御景花园 , 樟木头镇",3室2厅,72.28平米,西北,简装,中楼层(共7层) ,,板塔结合,47.8 万,6614 元,1,,,VR看装修 | 房本满五年 | 随时看房,https://dg.lianjia.com/ershoufang/105111410806.html
保利林语花园 靓装修三房 业主诚意出售,"保利林语花园 , 樟木头镇",3室1厅,98平米,南,,29层 ,,板塔结合,99 万,10103 元,1,,,VR房源 | 随时看房,https://dg.lianjia.com/ershoufang/105119808366.html
此房凤凰楼层、东南朝向，满五唯一无欠款，看房方便,"汇景豪庭 , 厚街镇",2室1厅,96.42平米,东南,,25层 ,,板塔结合,75 万,7779 元,0,,,近地铁 | VR看装修 | 房本满五年,https://dg.lianjia.com/ershoufang/105122170830.html
莞城 业主诚心出售有钥匙换房急售 价格可谈费用低,"聚福豪苑 , 东平街",3室2厅,153.55平米,北,精装,24层 ,,板塔结合,195 万,12700 元,0,,,VR房源 | 随时看房,https://dg.lianjia.com/ershoufang/105121065488.html
东江之星地铁口楼盘 中间楼层 户型方正 业主诚意出售,"万科首铸东江之星 , 宏远北",3室1厅,95.26平米,北,精装,低楼层(共51层) ,,板塔结合,210 万,22045 元,2,,,VR房源 | 房本满五年 | 随时看房,https://dg.lianjia.com/ershoufang/105120024013.html
万科125平4房，全新没住过，做了定制柜子,"万科珠江东岸一期 , 麻涌镇",4室1厅,125.34平米,东南,,中楼层(共29层) ,,塔楼,110 万,8777 元,0,,,VR房源 | 房本满五年 | 随时看房,https://dg.lianjia.com/ershoufang/105121984047.html
精装修拎包入住，满五唯一免个税，看花园安静很宜居,"光大景湖湾畔 , 宏远南",3室2厅,117.14平米,东北,简装,中楼层(共11层) ,,板塔结合,200 万,17074 元,1,,,VR看装修 | 房本满五年 | 随时看房,https://dg.lianjia.com/ershoufang/105121349356.html
复试4房电梯房装修保养好业主承担部分税费,"丽都花园 , 常平镇",4室2厅,204.39平米,北,精装,高楼层(共12层) ,,板塔结合,128 万,6263 元,5,,,VR房源 | 随时看房,https://dg.lianjia.com/ershoufang/105121024207.html
樟城华轩 朝南向 带大平台      。,"樟城华轩 , 樟木头镇",3室2厅,114.62平米,东南,毛坯,低楼层(共31层) ,,板塔结合,115 万,10034 元,0,,,房本满两年 | 随时看房,https://dg.lianjia.com/ershoufang/105116844448.html
怡丰翠云轩复式四房，楼层好，业主诚心出售,"怡丰翠云轩 , 寮步",3室1厅,90平米,北,精装,高楼层(共8层) ,,塔楼,152 万,16889 元,0,,,VR房源 | 房本满五年 | 随时看房,https://dg.lianjia.com/ershoufang/105122065511.html
品质社区，小户型 低总价 配套升级 公园 万象城,"万象府 , 石竹",3室2厅,100.56平米,南,毛坯,低楼层(共33层) ,,板塔结合,280 万,27845 元,16,,,近地铁 | VR看装修 | 随时看房,https://dg.lianjia.com/ershoufang/105117963191.html
金海怡景 满五中间楼层 自己住精装修,"金海怡景花园 , 塘厦镇",3室2厅,87平米,东,精装,7层 ,,塔楼,87 万,10000 元,1,,,VR看装修 | 房本满五年,https://dg.lianjia.com/ershoufang/105117052836.html
东骏朗晴居 实用两房  总价低 带租约诚售,"东骏朗晴居 , 西平",2室1厅,48.78平米,西南,精装,中楼层(共11层) ,,板塔结合,85 万,17426 元,1,,,VR看装修 | 房本满五年 | 随时看房,https://dg.lianjia.com/ershoufang/105121089901.html
信鸿誉庭 精装四房 山景次新房 业主急售,"信鸿誉庭 , 樟木头镇",4室1厅,121.09平米,西,精装,低楼层(共34层) ,,塔楼,118 万,9745 元,3,,,VR房源 | 房本满两年 | 随时看房,https://dg.lianjia.com/ershoufang/105118763049.html
钥匙挂脖子，随时看房，价格可谈全新未入住过,"万科珠江东岸五期 , 麻涌镇",3室1厅,88平米,南,精装,中楼层(共18层) ,,塔楼,75 万,8523 元,0,,,VR房源 | 房本满五年 | 随时看房,https://dg.lianjia.com/ershoufang/105119903298.html
哈啰三房一厅 朝南106万高楼层，采光通风很好,"哈啰小城 , 常平镇",3室1厅,92.01平米,东南,,18层 ,,板塔结合,99 万,10760 元,0,,,VR房源 | 房本满五年 | 随时看房,https://dg.lianjia.com/ershoufang/105122129512.html
华桂园，98平，毛坯三房，高层，业主诚意出售。,"南峰华桂园 , 清溪镇",3室2厅,98.3平米,南,毛坯,18层 ,,板塔结合,126 万,12818 元,0,,,VR房源 | 房本满两年 | 随时看房,https://dg.lianjia.com/ershoufang/105122019690.html
大朗安华香蜜松湖必看房     欢迎在线问或打电话咨询,"安华香蜜松湖 , 大朗镇",3室1厅,98.1平米,南,精装,18层 ,,板塔结合,156 万,15903 元,6,,,VR看装修 | 房本满两年 | 随时看房,https://dg.lianjia.com/ershoufang/105118047014.html
蔚蓝城邦毛坯大两房91平，可以根据自己喜欢的风格装修,"卓越蔚蓝城邦 , 常平镇",2室2厅,91.16平米,东南,毛坯,33层 ,,板塔结合,69 万,7570 元,0,,,VR看装修 | 房本满五年 | 随时看房,https://dg.lianjia.com/ershoufang/105121371670.html
皇家公馆一期 2室2厅 东南,"皇家公馆一期 , 东坑镇",2室2厅,86.84平米,东南,简装,中楼层(共15层) ,,塔楼,73 万,8407 元,2,,,VR看装修 | 房本满五年 | 随时看房,https://dg.lianjia.com/ershoufang/105121074124.html
景湖春晓 一梯两户 满五唯一 通风采光好 价格可以谈,"光大景湖春晓 , 西平",3室2厅,107.03平米,东南,精装,5层 ,,板塔结合,152 万,14202 元,8,,,VR看装修 | 房本满五年 | 随时看房,https://dg.lianjia.com/ershoufang/105122075799.html
虎门·君悦东方 3室2厅 西南,"虎门·君悦东方 , 太平广场",3室2厅,111.27平米,西南,,中楼层(共29层) ,,塔楼,260 万,23367 元,1,,,VR看装修 | 房本满两年,https://dg.lianjia.com/ershoufang/105120037963.html
万润广场  复式两房  看房方便,"万润广场 , 寮步",2室2厅,48.7平米,东南,精装,中楼层(共17层) ,,板塔结合,30 万,6161 元,2,,,房本满五年,https://dg.lianjia.com/ershoufang/105120521700.html
近地铁 香缤时代精装复式3房 高层采光好 边位通透方正,"香缤时代园 , 世博广场",3室2厅,49.74平米,北,精装,中楼层(共13层) ,,板塔结合,75 万,15079 元,2,,,近地铁 | VR房源 | 房本满五年 | 随时看房,https://dg.lianjia.com/ershoufang/105119990703.html
富盈花园、三房两厅、业主急售、看房方便,"富盈花园 , 石碣镇",3室2厅,128平米,南,简装,高楼层(共16层) ,,板楼,103 万,8047 元,0,,,VR看装修 | 房本满五年 | 随时看房,https://dg.lianjia.com/ershoufang/105121510197.html
东江边，一线江景，方正户型，业主诚心出售,"新鸿基珑汇 , 石龙镇",3室2厅,92.37平米,南,精装,高楼层(共31层) ,,板塔结合,105 万,11368 元,4,,,VR看装修 | 房本满五年 | 随时看房,https://dg.lianjia.com/ershoufang/105119554467.html
龙城国际小户型2房 高楼层朝南看江景,"龙城国际 , 石龙镇",2室1厅,56平米,南,简装,高楼层(共30层) ,,板塔结合,43 万,7679 元,0,,,VR看装修 | 随时看房,https://dg.lianjia.com/ershoufang/105121269214.html
满五唯一，保养好，中高楼层，业主诚心出售,"万科金域缇香 , 大岭山镇",3室2厅,93.24平米,南,,28层 ,,塔楼,150 万,16088 元,2,,,VR看装修 | 房本满五年 | 随时看房,https://dg.lianjia.com/ershoufang/105118096255.html
松湖悦龙台 4室2厅 南 北,"松湖悦龙台 , 企石镇",4室2厅,134.83平米,南 北,,中楼层(共26层) ,,板楼,178 万,13202 元,0,,,VR看装修 | 随时看房,https://dg.lianjia.com/ershoufang/105120915334.html
健逸天地精装三房，正南朝小区看泳池，业主诚意卖,"健逸天地 , 增田",3室2厅,114.57平米,南,精装,中楼层(共18层) ,,塔楼,188 万,16410 元,1,,31天以前发布,VR房源 | 房本满五年 | 随时看房,https://dg.lianjia.com/ershoufang/105122263272.html
碧河四期水云天公馆 2室2厅 南,"碧河四期水云天公馆 , 樟木头镇",2室2厅,53.26平米,南,简装,15层 ,,板塔结合,27 万,5070 元,0,,,房本满五年 | 随时看房,https://dg.lianjia.com/ershoufang/105122141696.html
朝南3房 业主诚心卖 保养好 安静舒适,"中信凯旋城 , 东泰",3室1厅,137.59平米,南,精装,11层 ,,板塔结合,260 万,18897 元,8,,,VR房源 | 房本满五年 | 随时看房,https://dg.lianjia.com/ershoufang/105116933939.html
自住电梯房 保养新 带全屋家私家电 采光好,"罗马景苑逸景湾 , 横沥镇",3室2厅,115.03平米,东南,,中楼层(共20层) ,,塔楼,95 万,8259 元,2,,,VR房源 | 房本满两年 | 随时看房,https://dg.lianjia.com/ershoufang/105120252621.html
7米长大阳台，还是朝南向，采光视野好，欢迎来砍价,"江南第一城 , 宏远北",4室2厅,113.21平米,南 北,精装,高楼层(共27层) ,,板塔结合,238 万,21023 元,0,,,VR看装修 | 房本满五年 | 随时看房,https://dg.lianjia.com/ershoufang/105118939979.html
达鑫江滨新城精装大三房，朝南看花园，视野开阔,"达鑫江滨新城 , 石碣镇",3室2厅,123.14平米,南,精装,中楼层(共33层) ,,板楼,158 万,12831 元,3,,,VR看装修 | 房本满五年 | 随时看房,https://dg.lianjia.com/ershoufang/105119470195.html
水系景观优美  3+1 大户型 视野好 单证,"东田翠湖湾 , 常平镇",4室1厅,223.17平米,东南,简装,中楼层(共16层) ,,板塔结合,250 万,11203 元,3,,,VR房源 | 房本满五年 | 随时看房,https://dg.lianjia.com/ershoufang/105112880892.html
东坑次新小区 楼下大润发 精装3房2卫 业主自住视野好,"和昌拾里松湖 , 东坑镇",3室2厅,94.78平米,东南,精装,中楼层(共29层) ,,板塔结合,135 万,14244 元,0,,,VR看装修 | 房本满两年 | 随时看房,https://dg.lianjia.com/ershoufang/105115012251.html
金地湖山大境二期四房两厅两卫视野好,"金地湖山大境二期 , 黄江镇",4室2厅,126.57平米,南,毛坯,26层 ,,板塔结合,138 万,10904 元,0,,,VR看装修 | 房本满五年,https://dg.lianjia.com/ershoufang/105121529756.html
莞城户口！老城区位置好！采光好！楼层低！看房方便的,"市桥路 , 莞城",3室2厅,100平米,东南,简装,中楼层(共7层) ,,,98 万,9800 元,0,,,VR看装修 | 房本满五年 | 随时看房,https://dg.lianjia.com/ershoufang/105120980137.html
时代城朝南大三房，稀有横厅户型，使用率高,"光大景湖时代城 , 西平",3室1厅,100.47平米,南,简装,32层 ,,板塔结合,259 万,25779 元,1,,,VR房源 | 房本满五年 | 随时看房,https://dg.lianjia.com/ershoufang/105120093619.html
带精装，满2年，中间楼层，视野开阔,"光大山湖城 , 大岭山镇",3室2厅,95.09平米,北,精装,中楼层(共33层) ,,塔楼,112 万,11779 元,1,,,VR看装修 | 房本满五年 | 随时看房,https://dg.lianjia.com/ershoufang/105111184940.html
世纪时尚豪园，103平精装3房2卫，南北通透双阳台,"永泰世纪时尚豪园 , 凤岗镇",3室2厅,103.66平米,南 北,精装,16层 ,,板塔结合,133 万,12831 元,0,,,VR房源 | 房本满两年,https://dg.lianjia.com/ershoufang/105121735921.html
翠珑湾一期毛坯出售~，高楼层。,"星城翠珑湾一期 , 松山湖",3室1厅,95.24平米,东,毛坯,26层 ,,塔楼,90 万,9450 元,4,,,房本满五年 | 随时看房,https://dg.lianjia.com/ershoufang/105118265148.html
成熟小区 精装2房 保养新 拎包入住,"华讯大宅 , 石龙镇",2室2厅,76.35平米,西北,精装,低楼层(共20层) ,,板塔结合,78.8 万,10321 元,0,,,VR看装修 | 房本满五年,https://dg.lianjia.com/ershoufang/105119056414.html
满五唯一  房型方正安静 距离松山湖2公里 三房诚,"振业松湖雅苑 , 寮步",3室2厅,98.28平米,南,精装,中楼层(共7层) ,,板楼,125 万,12719 元,2,,,VR看装修 | 房本满五年 | 随时看房,https://dg.lianjia.com/ershoufang/105120751885.html
星河传说 精装三房户型 采光好 户型方正 诚意出售,"星河传说聚星岛A区 , 石井",3室2厅,128.53平米,西,精装,低楼层(共12层) ,,塔楼,285 万,22174 元,5,,,VR房源 | 房本满五年,https://dg.lianjia.com/ershoufang/105118333894.html
金地湖山大境三期四房两厅两卫视野好,"金地湖山大境三期 , 黄江镇",4室1厅,145.66平米,南,毛坯,25层 ,,塔楼,192 万,13182 元,0,,,VR看装修 | 房本满五年 | 随时看房,https://dg.lianjia.com/ershoufang/105121529478.html
高层好房 看房方便有钥匙 住宅性质的,"地标大厦 , 地标",1室1厅,56.66平米,南,简装,高楼层(共24层) ,,塔楼,44 万,7766 元,0,,,VR看装修 | 房本满五年 | 随时看房,https://dg.lianjia.com/ershoufang/105122142906.html
小区环境好，交通方便，设施完善，价格优惠,"中熙玖颂江湾 , 石碣镇",3室2厅,98.33平米,南 北,毛坯,高楼层(共31层) ,,塔楼,102 万,10374 元,0,,,VR看装修 | 房本满五年 | 随时看房,https://dg.lianjia.com/ershoufang/105116538678.html
中高层四房 无欠款 随时过户 看房方便  视野开阔 靓宅,"万科首铸翡翠东望 , 鸿福路口",4室2厅,115.95平米,南,精装,低楼层(共33层) ,,板楼,325 万,28030 元,1,,,VR看装修 | 房本满两年 | 随时看房,https://dg.lianjia.com/ershoufang/105116599616.html
朝向好阳光充足较为安静配套设施较为齐全,"地标大厦 , 地标",3室2厅,100.81平米,西南,精装,低楼层(共25层) ,,塔楼,120 万,11904 元,0,,,VR看装修 | 房本满五年 | 随时看房,https://dg.lianjia.com/ershoufang/105112545778.html
新世纪颐龙轩 南北对流 高层看江景,"新世纪颐龙轩 , 高埗镇",4室2厅,143.29平米,东南,毛坯,高楼层(共30层) ,,板楼,239 万,16680 元,0,,,VR看装修 | 随时看房,https://dg.lianjia.com/ershoufang/105120345227.html
柏龙湾次新3房  中楼层采光好  视野开阔,"柏龙湾 , 大宁",3室2厅,93.25平米,东南,,高楼层(共17层) ,,塔楼,148 万,15872 元,0,,,VR看装修 | 随时看房,https://dg.lianjia.com/ershoufang/105120314450.html
全新未入住过3房交楼标准精装业主诚心出售,"世纪城凯旋湾花园 , 石排镇",3室2厅,109.72平米,南,,低楼层(共17层) ,,板塔结合,108 万,9844 元,0,,,VR看装修 | 房本满两年 | 随时看房,https://dg.lianjia.com/ershoufang/105121286600.html
达鑫精装两房，看房方便，看花园朝南向,"达鑫江滨新城 , 石碣镇",2室1厅,83.11平米,南,精装,中楼层(共24层) ,,板楼,90 万,10830 元,1,,,VR看装修 | 随时看房,https://dg.lianjia.com/ershoufang/105121226117.html
富民花园  朝南两房  诚意出售,"富民花园 , 太平广场",2室2厅,75.02平米,南,简装,中楼层(共7层) ,,板塔结合,55 万,7332 元,1,,,VR看装修 | 房本满五年 | 随时看房,https://dg.lianjia.com/ershoufang/105121518085.html
卓越中寰 3室1厅 南,"卓越中寰 , 学院路",3室1厅,57.83平米,南,简装,21层 ,,塔楼,55 万,9511 元,0,,14天以前发布,近地铁 | 房本满两年,https://dg.lianjia.com/ershoufang/105122423156.html
3房2厅2卫诚意出售  朝南看花园 中高楼层 采光好,"新世纪颐龙湾 , 高埗镇",3室2厅,113.49平米,南,毛坯,中楼层(共23层) ,,板塔结合,145 万,12777 元,1,,,VR看装修 | 房本满两年 | 随时看房,https://dg.lianjia.com/ershoufang/105120176302.html
宝翠花园电梯三房两卫，业主诚意出售！,"宝翠花園 , 横沥镇",3室2厅,89.77平米,东北,精装,中楼层(共9层) ,,塔楼,75 万,8355 元,0,,,VR看装修 | 房本满五年,https://dg.lianjia.com/ershoufang/105117309111.html
新世纪颐龙湾 精装修三房两卫 保养好 视野开阔,"新世纪颐龙湾 , 高埗镇",3室2厅,103.06平米,北,精装,高楼层(共25层) ,,板塔结合,142 万,13779 元,0,,,VR看装修 | 房本满五年,https://dg.lianjia.com/ershoufang/105119276766.html
精装四房保养好 视野无遮挡 楼层好 交通便利,"万科第五城 , 高埗镇",4室2厅,115.6平米,东南,精装,34层 ,,板楼,173 万,14966 元,0,,,VR看装修 | 房本满两年 | 随时看房,https://dg.lianjia.com/ershoufang/105118499339.html
此房是一楼南向 带前后花园 精装大三房 可拎包入住,"光大景湖时代城 , 西平",3室2厅,92.23平米,西南,精装,32层 ,,板塔结合,280 万,30359 元,5,,,VR房源 | 房本满两年 | 随时看房,https://dg.lianjia.com/ershoufang/105113183664.html
此房三房两厅两卫 格局方正 过五唯一 采光好,"新城市广场 , 樟木头镇",3室2厅,99平米,东北,精装,高楼层(共7层) ,,板塔结合,30.6 万,3091 元,9,,,VR看装修 | 随时看房,https://dg.lianjia.com/ershoufang/105120865711.html
新世纪颐龙湾 四期精装三房 业主自住保养好 诚意出售,"新世纪颐龙湾 , 高埗镇",3室2厅,96.69平米,南,精装,高楼层(共18层) ,,板塔结合,140 万,14480 元,1,,,VR看装修 | 房本满五年,https://dg.lianjia.com/ershoufang/105119748123.html
高层东南向大四房，通风采光佳，自住保养好，无按揭,"万科首铸翡翠东望 , 鸿福路口",4室2厅,115.95平米,南 北,精装,高楼层(共33层) ,,板楼,325 万,28030 元,0,,,VR看装修 | 房本满两年,https://dg.lianjia.com/ershoufang/105122093918.html
紫荆花园二期，低楼层，诚心出售，,"紫荆花园二期 , 常平镇",3室2厅,84.1平米,南,简装,低楼层(共6层) ,,塔楼,53 万,6303 元,1,,,VR看装修 | 房本满五年,https://dg.lianjia.com/ershoufang/105119125294.html
精装三房 楼层高 采光好 满五无抵押,"瑞康花园 , 横沥镇",3室1厅,111.22平米,南,简装,高楼层(共16层) ,,塔楼,82 万,7373 元,0,,,VR看装修 | 房本满五年,https://dg.lianjia.com/ershoufang/105114191556.html
此房满五唯一，业主诚心卖，价格可谈看房方便,"紫荆花园二期 , 常平镇",3室2厅,79平米,东南,简装,中楼层(共6层) ,,塔楼,52 万,6583 元,1,,,VR看装修 | 房本满五年 | 随时看房,https://dg.lianjia.com/ershoufang/105120651007.html
阔绰复式五房，刚需住家的理想选择,"安娜花园 , 横沥镇",5室2厅,252平米,西南,精装,低楼层(共6层) ,,板塔结合,169.9 万,6743 元,0,,,VR房源 | 房本满五年 | 随时看房,https://dg.lianjia.com/ershoufang/105121592702.html
精装三房，满五唯一！看房方便！,"中惠沁林山庄 , 大岭山镇",3室2厅,104.63平米,南,精装,低楼层(共25层) ,,板楼,125 万,11947 元,2,,,VR看装修 | 房本满五年,https://dg.lianjia.com/ershoufang/105110507482.html
新时代花园精装两房 朝南 出售,"新时代家园 , 凤岗镇",2室1厅,46.41平米,南,简装,18层 ,,板塔结合,68 万,14653 元,1,,,VR看装修 | 房本满五年,https://dg.lianjia.com/ershoufang/105119416702.html
汇景城市精装三房，南北对流，双阳台，过五唯一,"汇景城市中心 , 樟木头镇",3室2厅,106.79平米,东南,精装,低楼层(共22层) ,,塔楼,134.8 万,12623 元,0,,,VR看装修 | 房本满五年,https://dg.lianjia.com/ershoufang/105118080706.html
誉轩大3房，安静不吵闹，业主诚心出售，看房方便,"誉轩 , 石碣镇",3室2厅,118平米,南,精装,16层 ,,板塔结合,88 万,7458 元,1,,,VR房源 | 房本满五年 | 随时看房,https://dg.lianjia.com/ershoufang/105116558074.html
房子是标准的三房，朝南的，户型好，大三房每个房间,"世纪城国际公馆三期仁里 , 西平",3室1厅,125.19平米,西南,精装,低楼层(共16层) ,,塔楼,260 万,20769 元,1,,,近地铁 | VR房源 | 房本满五年 | 随时看房,https://dg.lianjia.com/ershoufang/105122070874.html
近西平地铁方正舒适3房，户型方正，业主诚意售房,"金地格林小城 , 西平",3室2厅,98.34平米,北,精装,6层 ,,塔楼,140 万,14237 元,1,,,VR看装修 | 房本满五年 | 随时看房,https://dg.lianjia.com/ershoufang/105122118369.html
周  边配套设施齐，全环境优美。。,"蓝月湾 , 常平镇",3室1厅,97.27平米,西南,简装,中楼层(共11层) ,,板楼,78 万,8019 元,0,,,VR房源 | 房本满五年 | 随时看房,https://dg.lianjia.com/ershoufang/105118773691.html
步步高精装大两房南北对流 视野佳 急售诚意售,"步步高小区 , 罗沙",2室1厅,73.09平米,南 北,精装,高楼层(共5层) ,,,65 万,8894 元,0,,,VR看装修 | 房本满五年,https://dg.lianjia.com/ershoufang/105122165593.html
弥珍道精装3房，满五不唯一，装修保养不错,"中熙弥珍道 , 西平",3室1厅,78.71平米,西南,精装,高楼层(共17层) ,,塔楼,175 万,22234 元,0,,,VR看装修 | 房本满五年 | 随时看房,https://dg.lianjia.com/ershoufang/105122203581.html
厚街万科金域国际精装三房满五唯一业主诚意出售,"万科金域国际 , 厚街镇",3室2厅,97.3平米,东北,精装,高楼层(共32层) ,,板塔结合,132 万,13567 元,2,,,VR看装修 | 房本满五年 | 随时看房,https://dg.lianjia.com/ershoufang/105122086982.html
盛和新都会精装两房出售，房子装修保养很好，看房方便,"盛和新都会 , 清溪镇",2室2厅,76.71平米,南,精装,16层 ,,板塔结合,80 万,10429 元,7,,,VR看装修 | 随时看房,https://dg.lianjia.com/ershoufang/105107832009.html
稻花村三房朝南高层无遮挡视野开阔,"稻花村 , 东莞图书馆",3室2厅,102.28平米,南,,高楼层(共9层) ,,塔楼,150 万,14666 元,3,,,VR看装修 | 房本满五年 | 随时看房,https://dg.lianjia.com/ershoufang/105118370586.html
格林小城通车库3房 朝南双阳台对流通风好,"金地格林小城 , 西平",3室1厅,117.11平米,西南,简装,中楼层(共11层) ,,板塔结合,208 万,17762 元,0,,,VR看装修 | 房本满五年 | 随时看房,https://dg.lianjia.com/ershoufang/105121747784.html
万科物业 房子9成新 位置好拎包入住,"南部湾万科城 , 大宁",3室2厅,93.74平米,南,,低楼层(共34层) ,,板塔结合,165 万,17602 元,0,,7天以前发布,VR房源 | 房本满五年,https://dg.lianjia.com/ershoufang/105122500965.html
实验南侧2013年交楼的房，精致两房，功能性强户口可迁,"百达中心 , 八达路",2室2厅,68平米,南,精装,17层 ,,板塔结合,105 万,15442 元,0,,,VR看装修,https://dg.lianjia.com/ershoufang/105115064501.html
房子方正，小区管理好，适合年轻人置业，类似酒店标间,"恒大华府 , 西城楼",1室0厅,58.45平米,南,精装,低楼层(共30层) ,,塔楼,33.5 万,5732 元,0,,,房本满五年 | 随时看房,https://dg.lianjia.com/ershoufang/105120993520.html
此房满五唯一，南向看花园，户型方正,"星城翠珑湾一期 , 松山湖",4室2厅,149.24平米,东南,毛坯,32层 ,,塔楼,460 万,30823 元,2,,,VR房源 | 房本满五年 | 随时看房,https://dg.lianjia.com/ershoufang/105117714572.html
塞纳河畔4室2厅近3年装修过，南向边位，安静保养好,"田禾塞纳河畔 , 运河东",4室2厅,131.72平米,南,精装,29层 ,,板塔结合,245 万,18601 元,0,,,VR看装修 | 房本满两年 | 随时看房,https://dg.lianjia.com/ershoufang/105120978452.html
永和新村低楼层3房 业主在国外，诚意出售,"永和新村 , 石龙镇",3室2厅,90.96平米,北,简装,中楼层(共8层) ,,板塔结合,48 万,5278 元,0,,31天以前发布,VR看装修 | 房本满五年,https://dg.lianjia.com/ershoufang/105122252198.html
松湖明珠中楼层92平三房诚意出售,"碧桂园松湖明珠 , 横沥镇",3室2厅,92.04平米,南,精装,中楼层(共21层) ,,板塔结合,136 万,14777 元,0,,,VR看装修,https://dg.lianjia.com/ershoufang/105121069638.html
3年前精致装修，南向边位，通风采光佳,"万科运河东1号 , 运河东",3室2厅,113.36平米,南,精装,低楼层(共24层) ,,塔楼,198 万,17467 元,1,,,VR看装修 | 房本满五年 | 随时看房,https://dg.lianjia.com/ershoufang/105113800484.html
都会广场旁 精装保养好 住宅性质，无管理费,"万江万福路22号 , 万江中心",3室1厅,110.82平米,东,精装,高楼层(共7层) ,,板楼,48 万,4332 元,1,,,VR房源 | 房本满五年 | 随时看房,https://dg.lianjia.com/ershoufang/105120524557.html
名流印象二期  精装修 现代年轻风格装修 满五年,"名流印象花园二期 , 凤岗镇",2室2厅,78.94平米,南,精装,33层 ,,塔楼,115 万,14569 元,1,,,VR看装修 | 房本满五年,https://dg.lianjia.com/ershoufang/105112050000.html
太平广场德盛海珠大厦刚需中间层笋楼盘,"德盛海珠大厦 , 太平广场",3室2厅,140平米,东南,简装,中楼层(共16层) ,,塔楼,95 万,6786 元,0,,,VR看装修 | 房本满五年 | 随时看房,https://dg.lianjia.com/ershoufang/105113622221.html
地铁口物业 成熟小区配套齐全 电梯高层通风采光良好,"东城中心 , 黄旗山",3室2厅,115.78平米,东 东北,简装,中楼层(共12层) ,,塔楼,150 万,12956 元,2,,,近地铁 | VR房源 | 房本满五年,https://dg.lianjia.com/ershoufang/105116136947.html
香樟1号 精装修三房 楼栋位置安静 业主诚心放卖,"香樟1号 , 樟木头镇",3室2厅,116.47平米,南,,低楼层(共22层) ,,塔楼,140 万,12021 元,0,,,VR看装修 | 房本满五年,https://dg.lianjia.com/ershoufang/105120196710.html
自住电梯房 保养新 带全屋家私家电 采光好,"罗马景苑逸景湾 , 横沥镇",3室2厅,115.03平米,东南,,中楼层(共20层) ,,塔楼,95 万,8259 元,2,,,VR房源 | 房本满两年 | 随时看房,https://dg.lianjia.com/ershoufang/105120252621.html
东方国际 精装四房  东南朝向 高层 看房方便,"东方国际星座 , 黄河中心",4室2厅,127.13平米,东南,精装,高楼层(共29层) ,,板塔结合,122 万,9597 元,0,,,VR房源 | 房本满五年 | 随时看房,https://dg.lianjia.com/ershoufang/105118294293.html
信鸿誉庭 精装四房 山景次新房 业主急售,"信鸿誉庭 , 樟木头镇",4室1厅,121.09平米,西,精装,低楼层(共34层) ,,塔楼,118 万,9745 元,3,,,VR房源 | 房本满两年 | 随时看房,https://dg.lianjia.com/ershoufang/105118763049.html
东骏朗晴居 实用两房  总价低 带租约诚售,"东骏朗晴居 , 西平",2室1厅,48.78平米,西南,精装,中楼层(共11层) ,,板塔结合,85 万,17426 元,1,,,VR看装修 | 房本满五年 | 随时看房,https://dg.lianjia.com/ershoufang/105121089901.html
钥匙挂脖子，随时看房，价格可谈全新未入住过,"万科珠江东岸五期 , 麻涌镇",3室1厅,88平米,南,精装,中楼层(共18层) ,,塔楼,75 万,8523 元,0,,,VR房源 | 房本满五年 | 随时看房,https://dg.lianjia.com/ershoufang/105119903298.html
大朗安华香蜜松湖必看房     欢迎在线问或打电话咨询,"安华香蜜松湖 , 大朗镇",3室1厅,98.1平米,南,精装,18层 ,,板塔结合,156 万,15903 元,6,,,VR看装修 | 房本满两年 | 随时看房,https://dg.lianjia.com/ershoufang/105118047014.html
哈啰三房一厅 朝南106万高楼层，采光通风很好,"哈啰小城 , 常平镇",3室1厅,92.01平米,东南,,18层 ,,板塔结合,99 万,10760 元,0,,,VR房源 | 房本满五年 | 随时看房,https://dg.lianjia.com/ershoufang/105122129512.html
西平高 端小区景湖时代城3房，南向看花园，随时看房,"光大景湖时代城 , 西平",3室2厅,99.92平米,南,精装,16层 ,,板塔结合,260 万,26021 元,3,,,近地铁 | VR看装修 | 房本满五年 | 随时看房,https://dg.lianjia.com/ershoufang/105119830059.html
龙湾金地外滩3房2卫 装修新即买即住 高层俯瞰园景江景,"金地外滩8号 , 胜利路",3室2厅,92.78平米,西北,精装,中楼层(共22层) ,,板楼,178 万,19186 元,1,,,VR看装修 | 房本满五年 | 随时看房,https://dg.lianjia.com/ershoufang/105122081276.html
东莞沙田天琴湾花园 精装修 高楼层 户型好 业主急售,"天琴湾花园 , 沙田镇",3室2厅,104.43平米,东 北,精装,29层 ,,板塔结合,88 万,8427 元,2,,,VR看装修 | 房本满两年,https://dg.lianjia.com/ershoufang/105119642720.html
三正瑞士半山，业主自住新装修，满五唯一，红本在手,"三正瑞士半山 , 凤岗镇",3室2厅,83.02平米,南,精装,27层 ,,板塔结合,108 万,13009 元,3,,,VR看装修 | 房本满五年,https://dg.lianjia.com/ershoufang/105121585672.html
新时代家园 2房2厅 仅需75万 价格优惠,"新时代家园 , 凤岗镇",2室2厅,43平米,西南,,18层 ,,板塔结合,60 万,13954 元,1,,,VR看装修 | 房本满五年,https://dg.lianjia.com/ershoufang/105119595051.html
碧海云天高层看海景三房，居住舒服！,"碧海云天 , 沙田镇",3室1厅,103.87平米,西南,精装,高楼层(共32层) ,,塔楼,122 万,11746 元,0,,,VR看装修 | 随时看房,https://dg.lianjia.com/ershoufang/105122081386.html
大运六期，精装三房 南北通透  看山景,"大运城邦璟城 , 凤岗镇",3室2厅,95.73平米,北 南,精装,21层 ,,塔楼,179 万,18699 元,0,,,VR看装修 | 房本满五年,https://dg.lianjia.com/ershoufang/105121613810.html
精装3+1四房满五唯一，银行无欠款带地下室车位！,"中惠沁林山庄 , 大岭山镇",3室2厅,108.72平米,南 西南,精装,高楼层(共25层) ,,板楼,108 万,9934 元,1,,,VR看装修 | 房本满五年 | 随时看房,https://dg.lianjia.com/ershoufang/105121664118.html
电梯洋房，户型方正，满五唯一，政府旁物业！,"汇景城市中心 , 樟木头镇",3室2厅,99.69平米,南,,中楼层(共25层) ,,塔楼,128 万,12840 元,0,,,VR看装修 | 随时看房,https://dg.lianjia.com/ershoufang/105116790541.html
业主急售，屋况保养好，看房方便,"清溪国际公馆 , 清溪镇",2室1厅,51.92平米,东南,,高楼层(共20层) ,,板楼,75 万,14446 元,0,,,房本满五年,https://dg.lianjia.com/ershoufang/105120621670.html
精装三房带地下室车位，满五唯一，银行无欠款！,"中惠沁林山庄 , 大岭山镇",3室2厅,88.2平米,南,精装,高楼层(共25层) ,,板楼,110 万,12472 元,0,,,VR看装修 | 房本满五年,https://dg.lianjia.com/ershoufang/105122007087.html
万科金悦香树 精装2房 户型方正 中间楼层 急售可谈,"万科金悦香树 , 南城车站",2室2厅,76.91平米,西南,精装,中楼层(共24层) ,,塔楼,128 万,16643 元,1,,,VR房源 | 房本满五年,https://dg.lianjia.com/ershoufang/105121473673.html
万象汇 300米 星城翠珑湾精装三房诚意出售。,"星城翠珑湾一期 , 松山湖",3室1厅,100.11平米,东南,精装,27层 ,,塔楼,348 万,34762 元,0,,,VR看装修 | 房本满两年 | 随时看房,https://dg.lianjia.com/ershoufang/105121813345.html
海珠大厦，精装三房，户型方正，免装修即买即住,"德盛海珠大厦 , 太平广场",3室2厅,112平米,北,精装,中楼层(共16层) ,,塔楼,90 万,8036 元,2,,,VR房源 | 房本满两年,https://dg.lianjia.com/ershoufang/105115857250.html
万科精装房 房子保养很好， 业主诚心出售,"万科金域华府二期 , 石竹",3室1厅,103.48平米,西南,精装,低楼层(共26层) ,,板楼,235 万,22710 元,2,,,VR看装修 | 房本满两年,https://dg.lianjia.com/ershoufang/105121872039.html
万科高尔夫花园96平3房城意出售,"万科城市高尔夫花园 , 寮步",3室2厅,95.76平米,南,精装,18层 ,,板塔结合,119 万,12427 元,2,,,VR看装修 | 房本满五年 | 随时看房,https://dg.lianjia.com/ershoufang/105121348231.html
双阳台南向采光好自带君乐汇商圈安静看小区,"虎门·君悦东方 , 太平广场",3室1厅,107.83平米,南,精装,低楼层(共28层) ,,塔楼,215 万,19939 元,0,,,VR房源,https://dg.lianjia.com/ershoufang/105120241790.html
次新小区三房急售 看小区园林 朝南向采光好,"虎门印象 , 万达",3室2厅,97.36平米,南,精装,低楼层(共30层) ,,塔楼,152 万,15613 元,0,,,VR看装修 | 房本满两年,https://dg.lianjia.com/ershoufang/105121820487.html
恒大御景精装三房，中高楼层景观好,"恒大御景 , 白马",3室2厅,93.12平米,东南,精装,高楼层(共19层) ,,塔楼,145 万,15572 元,3,,,VR看装修 | 房本满五年 | 随时看房,https://dg.lianjia.com/ershoufang/105119138037.html
次新小区 安联尚璟 全新没住过3房东南向 诚心出售,"安联尚璟 , 高埗镇",3室2厅,88.63平米,东南,精装,低楼层(共26层) ,,板楼,120 万,13540 元,0,,,VR看装修 | 房本满两年 | 随时看房,https://dg.lianjia.com/ershoufang/105119217674.html
房东资产优化  急售中惠沁林山庄电梯大四房,"中惠沁林山庄 , 大岭山镇",4室2厅,114.1平米,南,,中楼层(共25层) ,,板楼,138 万,12095 元,0,,,VR房源 | 房本满五年 | 随时看房,https://dg.lianjia.com/ershoufang/105120903336.html
碧桂园豪庭二期 3室2厅 西南,"碧桂园豪庭二期 , 东坑镇",3室2厅,93.23平米,西南,简装,高楼层(共28层) ,,板塔结合,90 万,9654 元,0,,20天以前发布,VR房源 | 房本满五年 | 随时看房,https://dg.lianjia.com/ershoufang/105122355417.html
石竹山水园中层看花园大三房出售,"石竹山水园 , 桥头镇",3室2厅,144.75平米,东南,精装,32层 ,,板楼,163 万,11261 元,0,,,VR看装修 | 房本满五年 | 随时看房,https://dg.lianjia.com/ershoufang/105120948740.html
碧桂园豪庭二期3房2卫，朝南，看房方便,"碧桂园豪庭二期 , 东坑镇",3室2厅,89.59平米,南 北,精装,高楼层(共18层) ,,塔楼,98 万,10939 元,0,,,VR房源 | 房本满五年 | 随时看房,https://dg.lianjia.com/ershoufang/105121321952.html
横沥松湖明珠四房，二次精装修，业主因置换诚心出售,"碧桂园松湖明珠 , 横沥镇",4室2厅,107.14平米,西北,精装,中楼层(共21层) ,,板塔结合,180 万,16801 元,0,,,VR看装修 | 房本满两年,https://dg.lianjia.com/ershoufang/105121860184.html
生态园旁龙泉幸福里花园业主诚心出售,"龙泉幸福里 , 东坑镇",3室2厅,97.23平米,南,毛坯,高楼层(共24层) ,,板塔结合,97 万,9977 元,0,,,VR看装修 | 房本满五年 | 随时看房,https://dg.lianjia.com/ershoufang/105121510838.html
西平地铁口边的一房一厅的格局装修保养很新,"新中银·金色华庭 , 西平",1室1厅,41平米,东南,,高楼层(共12层) ,,塔楼,81 万,19757 元,0,,,近地铁 | VR房源 | 房本满五年 | 随时看房,https://dg.lianjia.com/ershoufang/105120299624.html
方正通透中高层 一手业主住家装修 大方实用型！,"香樟1号 , 樟木头镇",3室2厅,104.27平米,南 北,精装,中楼层(共22层) ,,板塔结合,125 万,11989 元,0,,12天以前发布,VR房源 | 房本满五年,https://dg.lianjia.com/ershoufang/105122437174.html
看小区园林安静，3+1户型，南北对流。,"君汇半岛 , 道滘镇",4室2厅,103.87平米,南,毛坯,22层 ,,板楼,150 万,14442 元,0,,,VR看装修 | 房本满五年 | 随时看房,https://dg.lianjia.com/ershoufang/105120095098.html
地铁口物业 成熟小区配套齐全 电梯高层通风采光良好,"东城中心 , 黄旗山",3室2厅,115.78平米,东 东北,简装,中楼层(共12层) ,,塔楼,150 万,12956 元,2,,,近地铁 | VR房源 | 房本满五年,https://dg.lianjia.com/ershoufang/105116136947.html
装修保养好，可以拎包即住，看房随时方便,"丰泰裕田花园 , 大宁",3室2厅,102.67平米,南 北,精装,中楼层(共12层) ,,板塔结合,125 万,12175 元,1,,,VR看装修 | 房本满五年,https://dg.lianjia.com/ershoufang/105114908204.html
爱都花园电梯两房，刚需住房，衣食住行方便,"爱都花园 , 樟木头镇",2室2厅,63.71平米,东南,精装,低楼层(共32层) ,,塔楼,25.8 万,4050 元,0,,18天以前发布,VR房源 | 随时看房,https://dg.lianjia.com/ershoufang/105122373965.html
东泰花园康怡居 2室1厅 南,"东泰花园康怡居 , 东泰",2室1厅,82.1平米,南,简装,中楼层(共6层) ,,塔楼,95 万,11572 元,1,,,VR看装修 | 房本满五年,https://dg.lianjia.com/ershoufang/105120568355.html
阳光澳园 200平左右平台 全新装修 拎包入住 价格可谈,"中信阳光澳园 , 东泰",3室1厅,95.37平米,南,精装,低楼层(共13层) ,,板塔结合,236 万,24746 元,3,,,VR房源 | 房本满两年,https://dg.lianjia.com/ershoufang/105121393315.html
朝南高楼层采光视野好 装修保养好拎包入住,"星城国际花园一期 , 寮步",3室2厅,90.75平米,南,精装,高楼层(共17层) ,,板塔结合,130 万,14326 元,2,,,VR看装修 | 房本满五年 | 随时看房,https://dg.lianjia.com/ershoufang/105115170122.html
满五唯一，含泪卖，业主回老家发展,"星城国际花园一期 , 寮步",3室1厅,91.88平米,南,简装,中楼层(共17层) ,,塔楼,117 万,12735 元,0,,,VR看装修 | 房本满五年,https://dg.lianjia.com/ershoufang/105120891983.html
汽车城 香小旁边适合家庭改善型 居住大四房,"香居明苑 , 寮步",3室1厅,124.37平米,西北,精装,低楼层(共16层) ,,塔楼,115 万,9247 元,0,,,VR房源 | 房本满两年,https://dg.lianjia.com/ershoufang/105121305326.html
海德堡2房 生活便利  诚心价格出售,"中央公馆海德堡 , 寮步",2室2厅,74平米,东,精装,高楼层(共22层) ,,板楼,93 万,12568 元,0,,,VR看装修 | 房本满五年,https://dg.lianjia.com/ershoufang/105119803508.html
阳光城愉景弯三房两厅，业主急售,"阳光城·愉景湾 , 石碣镇",3室2厅,96平米,南,简装,低楼层(共27层) ,,塔楼,115 万,11980 元,1,,,VR看装修 | 房本满两年 | 随时看房,https://dg.lianjia.com/ershoufang/105120769129.html
东海城堡方正三房位置安静出行方便,"丰泰东海城堡 , 新联",3室2厅,98.16平米,东南 西北,简装,中楼层(共13层) ,,板塔结合,135 万,13754 元,1,,,VR看装修 | 房本满五年 | 随时看房,https://dg.lianjia.com/ershoufang/105121993414.html
地理位置好，楼层美丽环境优美适宜居住、物业管理完善,"虎门碧桂园一期 , 万达",3室2厅,94平米,南 北,精装,中楼层(共25层) ,,板塔结合,145 万,15426 元,0,,17天以前发布,VR房源 | 随时看房,https://dg.lianjia.com/ershoufang/105122382630.html
北栅碧桂园精装三房 满五唯一 中间楼层,"虎门碧桂园一期 , 万达",3室2厅,94平米,南 北,精装,中楼层(共26层) ,,板塔结合,150 万,15958 元,1,,,VR看装修 | 房本满五年,https://dg.lianjia.com/ershoufang/105121705417.html
南北通透大三房，满五唯一，户型方正,"虎门印象 , 万达",3室2厅,114.7平米,南 北,精装,低楼层(共32层) ,,塔楼,176 万,15345 元,0,,,VR看装修 | 房本满五年 | 随时看房,https://dg.lianjia.com/ershoufang/105122126032.html
海德琥珀珆高层三房 东南朝向 业主在精装基础上又装修,"海德琥珀台 , 火炼树",3室2厅,98平米,东南,精装,高楼层(共31层) ,,板楼,255 万,26021 元,0,,,VR看装修 | 随时看房,https://dg.lianjia.com/ershoufang/105121971035.html
嘉辉豪庭逸峯 南北通透 高楼层 采光好 看房方便,"嘉辉豪庭 , 凤岗镇",3室2厅,93.14平米,南 北,精装,15层 ,,板塔结合,170 万,18253 元,0,,,VR看装修 | 房本满两年,https://dg.lianjia.com/ershoufang/105120724419.html
3房刚需800米到莞师附属幼儿园到初中全覆盖,"年丰山庄 , 温塘",3室2厅,123.65平米,东 西,精装,高楼层(共6层) ,,板塔结合,105 万,8492 元,0,,26天以前发布,VR看装修 | 房本满五年 | 随时看房,https://dg.lianjia.com/ershoufang/105122308189.html
金地琥悦精装3房业主诚心出售拎包入住,"金地琥悦 , 万达",3室2厅,97.96平米,南 北,精装,中楼层(共15层) ,,板塔结合,145 万,14802 元,0,,13天以前发布,VR房源 | 房本满五年 | 随时看房,https://dg.lianjia.com/ershoufang/105122433532.html
万达商圈金地琥悦有100平露台可用房子无欠款,"金地琥悦 , 万达",3室2厅,99.57平米,南,精装,低楼层(共15层) ,,板塔结合,165 万,16572 元,0,,,VR看装修 | 房本满五年 | 随时看房,https://dg.lianjia.com/ershoufang/105122141323.html
虎门TOD交通便利，使用空间合理， 全新通天然气,"保利时区 , 新联",3室2厅,89.89平米,东南,精装,中楼层(共31层) ,,板塔结合,95 万,10569 元,0,,,近地铁 | 随时看房,https://dg.lianjia.com/ershoufang/105121749821.html
南北通，保养新，边位，户型方正,"星城国际花园 , 寮步",3室2厅,118平米,西北,精装,18层 ,,塔楼,185 万,15678 元,0,,19天以前发布,VR房源 | 随时看房,https://dg.lianjia.com/ershoufang/105122367674.html
保利林语花园电梯三房两厅两卫，业主诚售,"保利林语花园 , 樟木头镇",3室2厅,123.86平米,南,精装,29层 ,,板塔结合,136 万,10981 元,4,,,VR看装修 | 房本满五年 | 随时看房,https://dg.lianjia.com/ershoufang/105118404640.html
万科边位别墅全屋轻奢风装修，刚装修入住不到两月,"万科花园 , 虎门公园",5室2厅,152.66平米,南 北,精装,3层 ,,板塔结合,850 万,55680 元,0,,,VR房源 | 房本满五年 | 随时看房,https://dg.lianjia.com/ershoufang/105121264342.html
虎门·君悦东方 3室2厅 西南,"虎门·君悦东方 , 太平广场",3室2厅,98.07平米,西南,精装,低楼层(共29层) ,,塔楼,210 万,21414 元,0,,,VR看装修 | 房本满两年 | 随时看房,https://dg.lianjia.com/ershoufang/105121729555.html
莞城英文就在楼下 满五为一大4房 不欠款,"聚福豪苑 , 东平街",4室2厅,162.74平米,北,简装,21层 ,,板塔结合,185 万,11368 元,1,,30天以前发布,VR房源 | 房本满五年,https://dg.lianjia.com/ershoufang/105122264355.html
全新装修大两房 直接领包入住 业主急售,"东骏豪苑 , 西平",2室2厅,91平米,南,精装,高楼层(共15层) ,,板塔结合,190 万,20880 元,2,,,VR看装修 | 房本满五年,https://dg.lianjia.com/ershoufang/105120768250.html
新天地两房业主诚意出售  双阳台看花园,"中信新天地 , 石竹",2室1厅,64.81平米,西北,,19层 ,,板塔结合,98 万,15122 元,0,,8天以前发布,VR房源 | 房本满五年,https://dg.lianjia.com/ershoufang/105122483220.html
满二不一，楼层好，采光好，四面通风，路边交通便利,"金融街·金悦府 , 茶山镇",3室2厅,103.17平米,东南,精装,中楼层(共31层) ,,塔楼,175 万,16963 元,0,,,VR看装修 | 房本满两年 | 随时看房,https://dg.lianjia.com/ershoufang/105122179298.html
地铁江景房，全屋窗景看江 楼层景观好,"海伦湾 , 石龙镇",3室2厅,97.28平米,北,毛坯,高楼层(共28层) ,,板塔结合,105 万,10794 元,0,,,VR看装修 | 房本满两年 | 随时看房,https://dg.lianjia.com/ershoufang/105114817789.html
中信新天地 自住精装一房一厅 满五唯一,"中信新天地 , 石竹",1室1厅,55.05平米,东南,精装,中楼层(共19层) ,,板塔结合,85 万,15441 元,3,,,VR房源 | 房本满五年,https://dg.lianjia.com/ershoufang/105118240451.html
万科金色悦府高楼层精装3房诚意出售,"万科金色悦府 , 宵边",3室2厅,95平米,南,精装,32层 ,,板塔结合,210 万,22106 元,0,,,VR看装修,https://dg.lianjia.com/ershoufang/105122063429.html
臻萃园 精美三房 婚房装修 全新保养 位置安静 中高层,"永江臻萃园 , 凤岗镇",3室2厅,92.25平米,南,,22层 ,,塔楼,118 万,12792 元,0,,,VR看装修 | 房本满两年,https://dg.lianjia.com/ershoufang/105119240564.html
万科物业 房子9成新 位置好拎包入住,"南部湾万科城 , 大宁",3室2厅,93.74平米,南,,低楼层(共34层) ,,板塔结合,165 万,17602 元,0,,7天以前发布,VR房源 | 房本满五年,https://dg.lianjia.com/ershoufang/105122500965.html
哈啰三房一厅 朝南106万高楼层，采光通风很好,"哈啰小城 , 常平镇",3室1厅,92.01平米,东南,,18层 ,,板塔结合,99 万,10760 元,0,,,VR房源 | 房本满五年 | 随时看房,https://dg.lianjia.com/ershoufang/105122129512.html
华桂园，98平，毛坯三房，高层，业主诚意出售。,"南峰华桂园 , 清溪镇",3室2厅,98.3平米,南,毛坯,18层 ,,板塔结合,126 万,12818 元,0,,,VR房源 | 房本满两年 | 随时看房,https://dg.lianjia.com/ershoufang/105122019690.html
自住电梯房 保养新 带全屋家私家电 采光好,"罗马景苑逸景湾 , 横沥镇",3室2厅,115.03平米,东南,,中楼层(共20层) ,,塔楼,95 万,8259 元,2,,,VR房源 | 房本满两年 | 随时看房,https://dg.lianjia.com/ershoufang/105120252621.html
大朗安华香蜜松湖必看房     欢迎在线问或打电话咨询,"安华香蜜松湖 , 大朗镇",3室1厅,98.1平米,南,精装,18层 ,,板塔结合,156 万,15903 元,6,,,VR看装修 | 房本满两年 | 随时看房,https://dg.lianjia.com/ershoufang/105118047014.html
步步高精装大两房南北对流 视野佳 急售诚意售,"步步高小区 , 罗沙",2室1厅,73.09平米,南 北,精装,高楼层(共5层) ,,,65 万,8894 元,0,,,VR看装修 | 房本满五年,https://dg.lianjia.com/ershoufang/105122165593.html
万科精装3房，高层，朝花园，步行即可到香中,"万科东新翡翠松湖 , 寮步",3室2厅,93.56平米,东北,精装,高楼层(共32层) ,,塔楼,160 万,17102 元,0,,,VR看装修 | 房本满两年 | 随时看房,https://dg.lianjia.com/ershoufang/105120359629.html
次新小区 湖景小区 安静户型 诚意出售,"中惠松湖城三期 , 寮步",3室2厅,85.3平米,东北,精装,26层 ,,塔楼,121 万,14186 元,1,,,VR看装修 | 房本满五年 | 随时看房,https://dg.lianjia.com/ershoufang/105120743450.html
高楼层视野宽阔，采光通风良好，业主诚心出售,"保利心语花园 , 寮步",3室2厅,87.16平米,南,,高楼层(共13层) ,,塔楼,115 万,13195 元,0,,30天以前发布,VR房源 | 房本满五年,https://dg.lianjia.com/ershoufang/105122265038.html
格局户型方正采光通风效果好 朝南看小区花园中间楼层,"天悦家园 , 塘厦镇",3室2厅,94.43平米,南,精装,高楼层(共28层) ,,塔楼,137 万,14509 元,0,,,VR看装修 | 房本满两年,https://dg.lianjia.com/ershoufang/105121859807.html
全新未入住，朝南次新安静位置，外加15万可得一个车位,"海德琥珀台 , 火炼树",3室2厅,98.1平米,西南,精装,低楼层(共27层) ,,塔楼,260 万,26504 元,1,,,VR看装修 | 房本满两年 | 随时看房,https://dg.lianjia.com/ershoufang/105119647423.html
震撼！松湖碧桂园一期105平全新3房，开启品质人居新篇,"松湖碧桂园一期 , 大岭山镇",3室2厅,106.58平米,南,,32层 ,,板塔结合,165 万,15482 元,0,,,VR房源 | 随时看房,https://dg.lianjia.com/ershoufang/105121109021.html
业主容易沟通愿意接受市场的那种楼层好采光通风保养好,"金地名京 , 常平镇",3室2厅,93.69平米,东南,精装,高楼层(共19层) ,,塔楼,173 万,18466 元,0,,,VR看装修 | 房本满两年 | 随时看房,https://dg.lianjia.com/ershoufang/105121470728.html
恒大华府精装单间 业主诚意出售,"恒大华府 , 西城楼",1室1厅,58.43平米,南,精装,低楼层(共30层) ,,塔楼,34 万,5819 元,0,,31天以前发布,房本满两年 | 随时看房,https://dg.lianjia.com/ershoufang/105122253815.html
御花苑 大平层 业主诚意出售  房子保养好,"御花苑 , 水濂山",4室1厅,187.97平米,南,精装,高楼层(共8层) ,,塔楼,380 万,20216 元,1,,,VR房源,https://dg.lianjia.com/ershoufang/105122249129.html
奥园城市天地3房复式45平米总价28万,"奥园城市天地 , 樟木头镇",3室1厅,44.6平米,东,精装,低楼层(共21层) ,,板塔结合,27 万,6054 元,1,,27天以前发布,随时看房,https://dg.lianjia.com/ershoufang/105122296879.html
富盈御荷三房两卫 简单装修双阳台,"富盈御荷 , 桥头镇",3室2厅,102平米,东南,精装,高楼层(共22层) ,,塔楼,88 万,8628 元,1,,,VR看装修 | 随时看房,https://dg.lianjia.com/ershoufang/105120991149.html
锦龙湾畔83平三房全新装修朝南向,"锦龙湾畔一期 , 凤岗镇",3室2厅,83.2平米,东南,精装,25层 ,,板塔结合,130 万,15625 元,0,,,VR看装修 | 房本满两年 | 随时看房,https://dg.lianjia.com/ershoufang/105122145148.html
盛和雅颂花园 3室2厅 南,"盛和雅颂花园 , 横沥镇",3室2厅,98.32平米,南,精装,28层 ,,板塔结合,115 万,11697 元,0,,,VR看装修 | 房本满五年,https://dg.lianjia.com/ershoufang/105121435478.html
业主诚意出售，高楼层，看湖景，采光好，保养好,"中惠松湖城一期 , 寮步",3室2厅,83.68平米,北,精装,23层 ,,塔楼,100 万,11951 元,7,,,VR看装修 | 房本满五年 | 随时看房,https://dg.lianjia.com/ershoufang/105115600735.html
湖景房 诚意出售  满二 公摊少,"万科松湖传奇二期左岸 , 寮步",3室2厅,85.15平米,东北,精装,中楼层(共11层) ,,塔楼,120 万,14093 元,1,,,VR看装修 | 房本满五年 | 随时看房,https://dg.lianjia.com/ershoufang/105119188080.html
中惠悦湾3房 楼层好 视野开阔 业主诚意 出售,"中惠悦湾 , 石碣镇",3室1厅,97.38平米,东南,精装,高楼层(共26层) ,,塔楼,88 万,9037 元,4,,,VR看装修 | 房本满五年 | 随时看房,https://dg.lianjia.com/ershoufang/105117904442.html
三房两厅，此户型方正实用，地铁口小区，视野开阔,"宏远江南世家 , 宏远北",3室2厅,113.16平米,东,简装,高楼层(共12层) ,,板塔结合,159 万,14051 元,1,,,VR看装修 | 房本满五年 | 随时看房,https://dg.lianjia.com/ershoufang/105121493957.html
二期的 住家装修 保养好 户型佳 采光好,"中惠香樟绿洲 , 樟木头镇",3室2厅,109.88平米,南,精装,18层 ,,塔楼,129 万,11741 元,0,,,VR房源 | 房本满五年,https://dg.lianjia.com/ershoufang/105122141999.html
万科125平4房，全新没住过，做了定制柜子,"万科珠江东岸一期 , 麻涌镇",4室1厅,125.34平米,东南,,中楼层(共29层) ,,塔楼,110 万,8777 元,0,,,VR房源 | 房本满五年 | 随时看房,https://dg.lianjia.com/ershoufang/105121984047.html
精装修拎包入住，满五唯一免个税，看花园安静很宜居,"光大景湖湾畔 , 宏远南",3室2厅,117.14平米,东北,简装,中楼层(共11层) ,,板塔结合,200 万,17074 元,1,,,VR看装修 | 房本满五年 | 随时看房,https://dg.lianjia.com/ershoufang/105121349356.html
复试4房电梯房装修保养好业主承担部分税费,"丽都花园 , 常平镇",4室2厅,204.39平米,北,精装,高楼层(共12层) ,,板塔结合,128 万,6263 元,5,,,VR房源 | 随时看房,https://dg.lianjia.com/ershoufang/105121024207.html
时富花园 精致两房 诚意出售 万科管理小区,"时富花园 , 寮步",2室2厅,66.65平米,北,精装,中楼层(共5层) ,,板塔结合,69 万,10353 元,1,,,VR看装修 | 房本满五年 | 随时看房,https://dg.lianjia.com/ershoufang/105117515779.html
此房凤凰楼层、东南朝向，满五唯一无欠款，看房方便,"汇景豪庭 , 厚街镇",2室1厅,96.42平米,东南,,25层 ,,板塔结合,75 万,7779 元,0,,,近地铁 | VR看装修 | 房本满五年,https://dg.lianjia.com/ershoufang/105122170830.html
弥珍道1房三阳台 装修好 家门口是市民公园,"中熙弥珍道 , 西平",1室1厅,49.73平米,东北,精装,低楼层(共25层) ,,塔楼,50 万,10055 元,0,,,近地铁 | 房本满五年,https://dg.lianjia.com/ershoufang/105120722943.html
万江中兴楼全新装修三房一卫南向急售,"中兴商住楼 , 万江中心",3室2厅,99.8平米,南,,中楼层(共8层) ,,板塔结合,53 万,5311 元,1,,,VR看装修 | 房本满五年 | 随时看房,https://dg.lianjia.com/ershoufang/105119972861.html
此房为中高层，视野开阔，通风采光好，看房方便,"海伦堡松湖湾 , 东坑镇",3室1厅,105平米,南,精装,高楼层(共33层) ,,板塔结合,112.8 万,10743 元,1,,,VR房源 | 随时看房,https://dg.lianjia.com/ershoufang/105121575584.html
"户型方正，业主诚意出售,成熟小区","江滨花园五期 , 华南摩尔",3室1厅,87.05平米,南,,高楼层(共8层) ,,塔楼,53 万,6089 元,0,,4天以前发布,VR房源 | 随时看房,https://dg.lianjia.com/ershoufang/105122532732.html
高层朝南四房，可看别墅，景观好,"海伦堡松湖湾 , 东坑镇",4室2厅,124.45平米,南,毛坯,高楼层(共28层) ,,板楼,145 万,11652 元,0,,,VR房源 | 房本满五年 | 随时看房,https://dg.lianjia.com/ershoufang/105118952284.html
东坑碧桂园二期三房看农业园带家私家电出售,"碧桂园豪庭二期 , 东坑镇",3室1厅,90.64平米,北,精装,低楼层(共28层) ,,板塔结合,86 万,9489 元,0,,,VR房源 | 房本满五年,https://dg.lianjia.com/ershoufang/105122159773.html
东坑金地物业刚需3房两卫诚心出售,"金地卓越松湖悦湾 , 东坑镇",3室2厅,90.26平米,南,简装,低楼层(共18层) ,,塔楼,126 万,13960 元,0,,15天以前发布,VR房源 | 房本满两年 | 随时看房,https://dg.lianjia.com/ershoufang/105122413138.html
保利茶溪公馆！三房两厅两卫中高楼层 看寒溪河,"保利锦城一期 , 茶山镇",3室2厅,102.45平米,南,精装,中楼层(共33层) ,,塔楼,135 万,13178 元,0,,,VR看装修 | 房本满五年,https://dg.lianjia.com/ershoufang/105112389721.html
方正两房朝南光线好，业主诚心出售,"金沙花园 , 长安新区",2室2厅,86平米,西,,中楼层(共17层) ,,塔楼,145 万,16861 元,0,,,VR看装修 | 房本满五年 | 随时看房,https://dg.lianjia.com/ershoufang/105111962685.html
房子是标准3房2厅2卫，看整个横岗水库湖景,"中信富春山居 , 厚街镇",3室2厅,108平米,南,毛坯,25层 ,,板塔结合,111 万,10278 元,1,,,VR看装修,https://dg.lianjia.com/ershoufang/105121558655.html
大润发旁帝景花园电梯高层精装两房出售,"帝景花园 , 樟木头镇",2室1厅,67.31平米,南,精装,低楼层(共23层) ,,板塔结合,35 万,5200 元,0,,,VR看装修 | 房本满五年 | 随时看房,https://dg.lianjia.com/ershoufang/105119076071.html
莞城稀有复式，3房2厅2卫  小区管理  业主诚心出售,"北隅兴隆街158号 , 运河东",3室2厅,128.34平米,东南,简装,低楼层(共7层) ,,,90 万,7013 元,0,,10天以前发布,VR房源 | 房本满五年 | 随时看房,https://dg.lianjia.com/ershoufang/105122463331.html
4房2卫精装修 全新未入住 产权清晰 诚心出售  可看海,"碧海云天 , 沙田镇",4室2厅,139.89平米,南,精装,中楼层(共32层) ,,塔楼,165 万,11795 元,0,,,VR看装修 | 房本满两年 | 随时看房,https://dg.lianjia.com/ershoufang/105120070535.html
万科未来之光 全新未入住 4房 中间楼层 正看小区园林,"万科卓越珑远未来之光 , 虎门公园",4室2厅,121.08平米,东南,精装,中楼层(共23层) ,,板塔结合,300 万,24778 元,1,,,VR房源 | 随时看房,https://dg.lianjia.com/ershoufang/105120473577.html
君悦东方大户型4房3个洗手间，改善户型，高楼层双阳台,"虎门·君悦东方 , 太平广场",4室2厅,133.76平米,南,精装,高楼层(共29层) ,,板塔结合,340 万,25419 元,0,,,VR看装修 | 房本满五年,https://dg.lianjia.com/ershoufang/105121559863.html
南部湾万科城温馨两房 看泳池 产权清晰 保养好 通风佳,"南部湾万科城 , 大宁",2室1厅,62.2平米,东北,精装,8层 ,,板楼,90 万,14470 元,0,,,VR房源 | 房本满五年 | 随时看房,https://dg.lianjia.com/ershoufang/105120930084.html
东泰康怡居，一梯两户南北对流中间层，满五唯一无欠款,"东泰花园康怡居 , 东泰",2室2厅,86.93平米,南 北,精装,中楼层(共6层) ,,塔楼,97 万,11159 元,4,,,VR看装修 | 房本满五年,https://dg.lianjia.com/ershoufang/105118008479.html
德盛海珠大厦 业主诚心出售 房子价格美丽,"德盛海珠大厦 , 太平广场",2室1厅,128平米,南,精装,高楼层(共18层) ,,塔楼,93 万,7266 元,0,,,VR看装修 | 房本满五年 | 随时看房,https://dg.lianjia.com/ershoufang/105116451760.html
万科次新楼盘，朝南向，保养好，诚心卖，采光好！,"万科中天城市花园 , 水濂山",3室1厅,80.52平米,北,精装,高楼层(共34层) ,,塔楼,145 万,18008 元,11,,,VR房源 | 房本满两年 | 随时看房,https://dg.lianjia.com/ershoufang/105115819714.html
万科次新楼盘，看花园，满五唯一，不欠款,"万科中天城市花园 , 水濂山",4室2厅,115.53平米,东南,精装,中楼层(共34层) ,,塔楼,230 万,19909 元,6,,,VR看装修 | 房本满五年 | 随时看房,https://dg.lianjia.com/ershoufang/105118957162.html
万科中天城市花园二期 精装3房2卫 南向看湖景,"万科中天城市花园 , 水濂山",3室2厅,94.15平米,南,精装,低楼层(共34层) ,,塔楼,188 万,19969 元,1,,,VR看装修 | 房本满两年 | 随时看房,https://dg.lianjia.com/ershoufang/105119793766.html
房子装修保养好，可以看湖的。业主诚意出售,"万科中天城市花园 , 水濂山",4室2厅,115.67平米,西南,精装,高楼层(共34层) ,,塔楼,226 万,19539 元,5,,,VR看装修 | 房本满五年 | 随时看房,https://dg.lianjia.com/ershoufang/105117641010.html
高楼层看小区，采光通风好，视野景观好,"万科中天城市花园 , 水濂山",3室2厅,92.82平米,西南,精装,中楼层(共33层) ,,塔楼,179 万,19285 元,2,,,VR看装修 | 房本满五年 | 随时看房,https://dg.lianjia.com/ershoufang/105110659989.html
万荟时代精装三房 高楼层业主诚意出售,"万荟时代 , 大朗镇",3室1厅,75.94平米,东南 西北,精装,中楼层(共26层) ,,塔楼,85 万,11194 元,1,,,VR看装修 | 房本满五年 | 随时看房,https://dg.lianjia.com/ershoufang/105118147653.html
东骏精装四房  保养新 带家私家电 业主换房急卖,"东骏豪苑 , 西平",4室1厅,135.94平米,东,精装,低楼层(共16层) ,,板塔结合,248 万,18244 元,1,,,VR房源 | 房本满两年 | 随时看房,https://dg.lianjia.com/ershoufang/105121172941.html
115平大三房二卫正南向全新未入住无抵押产权清晰满二,"碧海云天 , 沙田镇",3室2厅,115.48平米,南,精装,中楼层(共32层) ,,塔楼,135 万,11691 元,0,,,VR看装修 | 随时看房,https://dg.lianjia.com/ershoufang/105119386599.html
滨海明珠 近虎门 小区新物业好 全屋定制 诚意出售,"碧桂园滨海明珠 , 沙田镇",3室2厅,100.06平米,东北,精装,25层 ,,板塔结合,138 万,13792 元,0,,,VR房源 | 房本满两年,https://dg.lianjia.com/ershoufang/105119434195.html
飞机户型3房，高楼层，房子保养好！,"虎门印象 , 万达",3室2厅,116.82平米,南,,中楼层(共30层) ,,塔楼,198 万,16950 元,0,,,VR看装修 | 房本满两年 | 随时看房,https://dg.lianjia.com/ershoufang/105120297722.html
富民花园 2室1厅 南,"富民花园 , 太平广场",2室1厅,81.77平米,南,,高楼层(共13层) ,,板塔结合,68 万,8317 元,0,,8天以前发布,VR房源 | 房本满五年 | 随时看房,https://dg.lianjia.com/ershoufang/105122486838.html
中高层毛坯房方便改造房子无欠款,"虎门印象 , 万达",3室2厅,98.56平米,南,毛坯,中楼层(共30层) ,,塔楼,153 万,15524 元,0,,14天以前发布,VR房源 | 房本满两年 | 随时看房,https://dg.lianjia.com/ershoufang/105122416805.html
新天地两房业主诚意出售  双阳台看花园,"中信新天地 , 石竹",2室1厅,64.81平米,西北,,19层 ,,板塔结合,98 万,15122 元,0,,8天以前发布,VR房源 | 房本满五年,https://dg.lianjia.com/ershoufang/105122483220.html
新世界花园带50平米私家花园的2房 看山景视野好,"新世界花园 , 黄旗山",2室2厅,98.63平米,东南,精装,中楼层(共7层) ,,板楼,178 万,18048 元,0,,11天以前发布,VR房源 | 房本满五年 | 随时看房,https://dg.lianjia.com/ershoufang/105122456549.html
地铁江景房，全屋窗景看江 楼层景观好,"海伦湾 , 石龙镇",3室2厅,97.28平米,北,毛坯,高楼层(共28层) ,,板塔结合,105 万,10794 元,0,,,VR看装修 | 房本满两年 | 随时看房,https://dg.lianjia.com/ershoufang/105114817789.html
全新装修大两房 直接领包入住 业主急售,"东骏豪苑 , 西平",2室2厅,91平米,南,精装,高楼层(共15层) ,,板塔结合,190 万,20880 元,2,,,VR看装修 | 房本满五年,https://dg.lianjia.com/ershoufang/105120768250.html
万科金色悦府高楼层精装3房诚意出售,"万科金色悦府 , 宵边",3室2厅,95平米,南,精装,32层 ,,板塔结合,210 万,22106 元,0,,,VR看装修,https://dg.lianjia.com/ershoufang/105122063429.html
全新毛坯4房，钥匙在手，小区旁有山空气好价格实惠。,"振江凤凰台 , 凤岗镇",4室2厅,140.11平米,东南,毛坯,28层 ,,板塔结合,175 万,12491 元,0,,,VR房源 | 房本满五年 | 随时看房,https://dg.lianjia.com/ershoufang/105116367899.html
雁田步行街楼上 低层实用大三房，采光好诚心出售,"丰田新村 , 凤岗镇",3室2厅,106.1平米,北,简装,低楼层(共7层) ,,板塔结合,114 万,10745 元,0,,14天以前发布,VR房源 | 房本满五年 | 随时看房,https://dg.lianjia.com/ershoufang/105122420809.html
此房南北对流格局全新毛坯业主诚心出售,"金域中央一期 , 南城车站",4室2厅,145.46平米,南,毛坯,高楼层(共18层) ,,板塔结合,250 万,17187 元,9,,,近地铁 | VR看装修 | 随时看房,https://dg.lianjia.com/ershoufang/105115232772.html
满二不一，楼层好，采光好，四面通风，路边交通便利,"金融街·金悦府 , 茶山镇",3室2厅,103.17平米,东南,精装,中楼层(共31层) ,,塔楼,175 万,16963 元,0,,,VR看装修 | 房本满两年 | 随时看房,https://dg.lianjia.com/ershoufang/105122179298.html
佳兆业水岸山城 高层 东南朝向 3房2卫 出售,"水岸山城 , 凤岗镇",3室2厅,135.81平米,东南,精装,15层 ,,板塔结合,158 万,11634 元,0,,,VR看装修 | 房本满两年,https://dg.lianjia.com/ershoufang/105120463097.html
精装三房 高层看花园 视野开阔 拎包入住,"精英名都 , 南城车站",3室2厅,100.24平米,东北,精装,高楼层(共16层) ,,板塔结合,142 万,14167 元,1,,,VR看装修 | 房本满五年 | 随时看房,https://dg.lianjia.com/ershoufang/105121803523.html
房子好，诚心卖，看房方便，出行方便,"融创玖玺台 , 南城车站",3室2厅,61.42平米,东南,精装,20层 ,,塔楼,56 万,9118 元,3,,,,https://dg.lianjia.com/ershoufang/105119475040.html
蜂汇广场大单间 高楼层采光好  业主诚心出售,"G1蜂汇 , 南城车站",1室0厅,40.19平米,南,简装,高楼层(共27层) ,,板楼,29 万,7216 元,0,,,近地铁 | 房本满五年,https://dg.lianjia.com/ershoufang/105119813147.html
大运城邦一期湖景三房；诚心出售；随时可以看房,"大运城邦曦城 , 凤岗镇",3室1厅,90.2平米,南 北,精装,33层 ,,板塔结合,130 万,14413 元,9,,,VR房源 | 随时看房,https://dg.lianjia.com/ershoufang/105120191301.html
花园正中间 南向4房  视野好 即买即入住,"大运城邦璟城 , 凤岗镇",4室2厅,120平米,南,精装,21层 ,,板塔结合,255 万,21250 元,0,,8天以前发布,VR房源,https://dg.lianjia.com/ershoufang/105122487390.html
碧桂园天麓山，大开发商，大3房2厅2卫。,"碧桂园天麓山一期 , 塘厦镇",3室2厅,97.41平米,南 北,精装,24层 ,,板塔结合,108 万,11088 元,2,,,VR看装修 | 房本满五年 | 随时看房,https://dg.lianjia.com/ershoufang/105119839695.html
朝南看花园 满5年税少 中高楼层采光通风好,"大运城邦曦城 , 凤岗镇",2室2厅,65.43平米,南,精装,33层 ,,板塔结合,90 万,13756 元,1,,,VR看装修 | 房本满五年 | 随时看房,https://dg.lianjia.com/ershoufang/105119733373.html
湖景朝南 两房户型方正诚心出售随时看房,"大运城邦曦城 , 凤岗镇",2室2厅,77.71平米,南,精装,33层 ,,板塔结合,108 万,13898 元,1,,,VR看装修 | 房本满五年 | 随时看房,https://dg.lianjia.com/ershoufang/105122025019.html
万科城市高尔夫花园高楼层三房两卫（非顶层),"万科城市高尔夫花园 , 寮步",3室2厅,114.5平米,西南,精装,18层 ,,板塔结合,140 万,12228 元,3,,,VR看装修 | 随时看房,https://dg.lianjia.com/ershoufang/105119784892.html
新天地华庭 3室2厅 西南 西,"新天地华庭 , 寮步",3室2厅,100.88平米,西南 西,精装,12层 ,,板楼,120 万,11896 元,0,,,VR房源 | 房本满两年,https://dg.lianjia.com/ershoufang/105122124890.html
此房满五唯一，税费很低，格局好，户型好,"达成大厦 , 虎门公园",2室2厅,78.65平米,南,精装,中楼层(共17层) ,,塔楼,60 万,7629 元,1,,,VR看装修 | 房本满五年,https://dg.lianjia.com/ershoufang/105110765252.html
万象汇旁 星城翠珑湾四期114平3房，朝南，中间楼层,"星城翠珑湾四期 , 寮步",3室1厅,113.97平米,南,简装,中楼层(共30层) ,,板塔结合,240 万,21059 元,0,,,VR房源 | 房本满五年,https://dg.lianjia.com/ershoufang/105121677924.html
君逸名轩102平2梯3户 通透户型 急售看房方便,"怡丰君逸名轩 , 石井",4室2厅,102.97平米,南,精装,低楼层(共18层) ,,塔楼,166 万,16122 元,2,,,VR房源 | 房本满五年,https://dg.lianjia.com/ershoufang/105120688909.html
地铁口，高层二房二厅双阳台，东南朝向,"方中元美广场 , 鸿福路口",2室2厅,74.49平米,南,精装,高楼层(共20层) ,,板楼,78 万,10472 元,0,,,VR看装修 | 房本满五年,https://dg.lianjia.com/ershoufang/105120209013.html
南北通风，自住房，保养好，全属定制，拎包可以入住,"万科首铸翡翠东望 , 鸿福路口",3室2厅,92.99平米,南,精装,中楼层(共33层) ,,板楼,245 万,26347 元,0,,,VR看装修 | 房本满五年,https://dg.lianjia.com/ershoufang/105118129447.html
户型方正  成熟小区 交通方便 南北对流户型,"中惠悦湾 , 石碣镇",3室2厅,105.62平米,南,精装,高楼层(共26层) ,,塔楼,98 万,9279 元,2,,,VR看装修 | 房本满两年,https://dg.lianjia.com/ershoufang/105111688341.html
厚街万科金域国际三房满五无欠款诚意出售,"万科金域国际 , 厚街镇",3室2厅,95.89平米,东北,精装,中楼层(共32层) ,,板塔结合,125 万,13036 元,0,,6天以前发布,VR房源 | 房本满五年,https://dg.lianjia.com/ershoufang/105122505115.html
中惠华庭大三房 步梯房高层采光通风好,"中惠华庭 , 黄旗山",3室2厅,117平米,东南,简装,高楼层(共7层) ,,板塔结合,73 万,6240 元,3,,,近地铁 | VR房源 | 房本满五年 | 随时看房,https://dg.lianjia.com/ershoufang/105120802865.html
小区刚需品质三房，做了全屋定制柜，品牌家私,"虎门滨海城 , 新联",3室2厅,83.97平米,东南 南,精装,18层 ,,塔楼,138 万,16435 元,1,,,VR看装修 | 房本满两年 | 随时看房,https://dg.lianjia.com/ershoufang/105120926427.html
新上优质房源   精装修2房 楼层好,"湖畔豪庭 , 樟木头镇",2室1厅,56.14平米,东,简装,7层 ,,板楼,25 万,4454 元,6,,,VR看装修 | 房本满五年 | 随时看房,https://dg.lianjia.com/ershoufang/105120961140.html
房子低楼层无欠款 交易简单 业主诚心出售,"东方新城 , 寮步",3室2厅,89.73平米,东南,简装,中楼层(共8层) ,,塔楼,66 万,7356 元,0,,5天以前发布,VR房源 | 房本满五年 | 随时看房,https://dg.lianjia.com/ershoufang/105122513872.html
全新交付未入住 高层看花园景观视野舒适,"珑远翠珑湾 , 寮步",3室2厅,97.95平米,东南,精装,高楼层(共30层) ,,塔楼,222 万,22665 元,1,,,VR看装修 | 房本满两年 | 随时看房,https://dg.lianjia.com/ershoufang/105118522950.html
业主诚心出售 凯东精装三房 朝花园 安静舒适,"凯东新城 , 大岭山镇",3室2厅,113平米,西北,简装,18层 ,,板塔结合,129 万,11416 元,1,,,VR看装修 | 房本满五年 | 随时看房,https://dg.lianjia.com/ershoufang/105121821574.html
户型方正光线明亮业主诚心卖看房方便,"保利心语花园 , 寮步",3室1厅,99.68平米,南,,低楼层(共27层) ,,板塔结合,152 万,15249 元,0,,7天以前发布,VR房源 | 房本满两年 | 随时看房,https://dg.lianjia.com/ershoufang/105122501724.html
幸福派，刚需南向大3房2卫，带入户花园。,"幸福派 , 茶山镇",3室2厅,97.97平米,南 北,毛坯,低楼层(共11层) ,,塔楼,75 万,7656 元,1,,,VR看装修 | 房本满两年 | 随时看房,https://dg.lianjia.com/ershoufang/105121005758.html
新天地华庭 3室2厅 西南 西,"新天地华庭 , 寮步",3室2厅,100.88平米,西南 西,精装,12层 ,,板楼,120 万,11896 元,0,,,VR房源 | 房本满两年,https://dg.lianjia.com/ershoufang/105122124890.html
维多利花园，三房两卫，楼下就有商场，生活方便！,"维多利花园 , 樟木头镇",3室2厅,81.29平米,东,精装,低楼层(共7层) ,,塔楼,33 万,4060 元,1,,,VR看装修 | 房本满五年 | 随时看房,https://dg.lianjia.com/ershoufang/105111340112.html
万科精装4房 户型实用 方正 南向高楼层 满五唯一,"万科金域华府一期 , 石竹",4室2厅,102.33平米,东,精装,26层 ,,板塔结合,315 万,30783 元,0,,30天以前发布,VR房源 | 房本满五年 | 随时看房,https://dg.lianjia.com/ershoufang/105122274783.html
三期高层四房 视野景观好 看小区园林 双阳台  安静,"江南第一城 , 宏远北",4室2厅,105.81平米,东,精装,高楼层(共18层) ,,板塔结合,190 万,17957 元,0,,,VR看装修 | 房本满五年 | 随时看房,https://dg.lianjia.com/ershoufang/105122092594.html
景湖时代城中间位置 中高层 朝南 2梯2户 双阳台诚意出,"光大景湖时代城 , 西平",3室2厅,131.05平米,南,精装,32层 ,,板塔结合,358 万,27318 元,1,,,近地铁 | VR房源,https://dg.lianjia.com/ershoufang/105121653282.html
万科次新大社区，全新没住过，东南朝向看花园,"万科金域东方 , 寮步",3室2厅,94.71平米,东南,,34层 ,,塔楼,205 万,21646 元,0,,,VR看装修 | 房本满两年 | 随时看房,https://dg.lianjia.com/ershoufang/105121260200.html
万科翡丽山这套94㎡三房是典型的‘满五唯一’，税费省,"万科翡丽山 , 水濂山",3室2厅,94.62平米,东南,,中楼层(共27层) ,,塔楼,135 万,14268 元,1,,,VR看装修 | 房本满五年 | 随时看房,https://dg.lianjia.com/ershoufang/105121178603.html
长城世家 4室2厅 东南,"长城世家 , 松山湖",4室2厅,144.89平米,东南,精装,11层 ,,板塔结合,388 万,26779 元,2,,,VR房源 | 房本满两年 | 随时看房,https://dg.lianjia.com/ershoufang/105121914959.html
保利2栋 东南朝向 全新装修4房 无人住过 随时看房,"保利首铸天际 , 胜利路",4室1厅,123.85平米,东南,精装,中楼层(共45层) ,,塔楼,330 万,26646 元,0,,19天以前发布,VR房源 | 房本满两年 | 随时看房,https://dg.lianjia.com/ershoufang/105122364899.html
次新小区，南向三房，格局好，户型方正，小区设备完善,"华讯大宅 , 石龙镇",3室2厅,94.83平米,南,毛坯,中楼层(共24层) ,,板塔结合,129 万,13604 元,0,,,VR看装修,https://dg.lianjia.com/ershoufang/105117182672.html
高楼层朝南 装修保养好 业主诚意出售,"中央财津 , 三元里",2室1厅,63.41平米,南,精装,26层 ,,板塔结合,76 万,11986 元,0,,,VR看装修 | 房本满五年 | 随时看房,https://dg.lianjia.com/ershoufang/105121474774.html
新上精装好房，保养新，南北对流、拎包入住，看房方便,"海伦湾 , 石龙镇",3室2厅,115.33平米,南 北,精装,低楼层(共32层) ,,板塔结合,135 万,11706 元,0,,,VR看装修 | 房本满五年 | 随时看房,https://dg.lianjia.com/ershoufang/105121335841.html
轻轨口旁 佳兆业水岸豪门精装三房 业主诚售,"水岸豪门 , 凤岗镇",3室1厅,92平米,东南,精装,32层 ,,板塔结合,149 万,16196 元,1,,,VR房源 | 房本满五年,https://dg.lianjia.com/ershoufang/105119926596.html
安静舒适，中间楼层看花园，视野开阔，采光通风佳,"江南雅筑 , 宏远北",2室1厅,52.27平米,东南,简装,中楼层(共11层) ,,板塔结合,68 万,13010 元,4,,,VR房源 | 房本满五年,https://dg.lianjia.com/ershoufang/105118124282.html
莞城小户型、电梯中高层、带大阳台 总价低 无欠款,"西城楼大街 , 西城楼",1室0厅,40.83平米,北,精装,中楼层(共26层) ,,板楼,85 万,20819 元,0,,,VR看装修 | 房本满五年 | 随时看房,https://dg.lianjia.com/ershoufang/105122145873.html
此房满五唯一，税费很低，格局好，户型好,"达成大厦 , 虎门公园",2室2厅,78.65平米,南,精装,中楼层(共17层) ,,塔楼,60 万,7629 元,1,,,VR看装修 | 房本满五年,https://dg.lianjia.com/ershoufang/105110765252.html
满五唯一 精装修可拎包入住 高楼层景观好 业主急售,"金地·艺境水岸 , 石美",3室2厅,94.95平米,西南,精装,高楼层(共33层) ,,板塔结合,160 万,16851 元,0,,,VR看装修 | 房本满五年,https://dg.lianjia.com/ershoufang/105121780685.html
高楼层大四房，业主诚心出售，看房方便,"海伦堡松湖湾 , 东坑镇",4室2厅,122.38平米,东南,毛坯,28层 ,,板塔结合,120 万,9806 元,0,,,VR看装修 | 房本满五年 | 随时看房,https://dg.lianjia.com/ershoufang/105110975035.html
新上优质房源   精装修2房 楼层好,"湖畔豪庭 , 樟木头镇",2室1厅,56.14平米,东,简装,7层 ,,板楼,25 万,4454 元,6,,,VR看装修 | 房本满五年 | 随时看房,https://dg.lianjia.com/ershoufang/105120961140.html
次新房，房子景观好，视野宽阔。,"保利林语花园 , 樟木头镇",3室2厅,97.4平米,西南,简装,29层 ,,板塔结合,102 万,10473 元,0,,7天以前发布,VR房源 | 房本满五年 | 随时看房,https://dg.lianjia.com/ershoufang/105122502527.html
汇景城市中心精装大两房拧包入住,"汇景城市中心 , 樟木头镇",2室1厅,80.08平米,南,精装,低楼层(共23层) ,,板塔结合,86 万,10740 元,0,,,VR看装修 | 房本满两年 | 随时看房,https://dg.lianjia.com/ershoufang/105117133287.html
86平3房，总价26万，低价上车好房源,"帝都花园一期 , 樟木头镇",3室2厅,88平米,南,精装,高楼层(共7层) ,,塔楼,22.8 万,2591 元,7,,,VR房源 | 房本满五年,https://dg.lianjia.com/ershoufang/105120468105.html
碧桂园高层南北对流三房 视野无遮挡,"大朗碧桂园 , 大朗镇",3室2厅,89.11平米,西北,,23层 ,,板塔结合,108 万,12120 元,0,,,VR看装修 | 房本满五年 | 随时看房,https://dg.lianjia.com/ershoufang/105117625855.html
中央盛景精装两房/地铁1号线/体育馆,"中央盛景 , 大朗镇",2室1厅,78.28平米,西南,精装,高楼层(共28层) ,,塔楼,88 万,11242 元,1,,,VR房源 | 房本满五年 | 随时看房,https://dg.lianjia.com/ershoufang/105121894955.html
大朗阳光城3房诚意出售，钥匙在手随时可看,"阳光城湖山悦 , 大朗镇",3室2厅,97.73平米,东南,精装,低楼层(共26层) ,,板塔结合,198 万,20260 元,0,,,VR看装修 | 随时看房,https://dg.lianjia.com/ershoufang/105119964410.html
朝南精装小三房 户型方正 楼层好 采光通风好,"沙田碧桂园滨江豪园 , 沙田镇",3室1厅,86.6平米,南,精装,29层 ,,塔楼,88 万,10162 元,1,,,VR看装修 | 房本满五年 | 随时看房,https://dg.lianjia.com/ershoufang/105119988376.html
此房凤凰楼层、东南朝向，满五唯一无欠款，看房方便,"汇景豪庭 , 厚街镇",2室1厅,96.42平米,东南,,25层 ,,板塔结合,75 万,7779 元,0,,,近地铁 | VR看装修 | 房本满五年,https://dg.lianjia.com/ershoufang/105122170830.html
莞城 业主诚心出售有钥匙换房急售 价格可谈费用低,"聚福豪苑 , 东平街",3室2厅,153.55平米,北,精装,24层 ,,板塔结合,195 万,12700 元,0,,,VR房源 | 随时看房,https://dg.lianjia.com/ershoufang/105121065488.html
东江之星地铁口楼盘 中间楼层 户型方正 业主诚意出售,"万科首铸东江之星 , 宏远北",3室1厅,95.26平米,北,精装,低楼层(共51层) ,,板塔结合,210 万,22045 元,2,,,VR房源 | 房本满五年 | 随时看房,https://dg.lianjia.com/ershoufang/105120024013.html
怡丰翠云轩复式四房，楼层好，业主诚心出售,"怡丰翠云轩 , 寮步",3室1厅,90平米,北,精装,高楼层(共8层) ,,塔楼,152 万,16889 元,0,,,VR房源 | 房本满五年 | 随时看房,https://dg.lianjia.com/ershoufang/105122065511.html
品质社区，小户型 低总价 配套升级 公园 万象城,"万象府 , 石竹",3室2厅,100.56平米,南,毛坯,低楼层(共33层) ,,板塔结合,280 万,27845 元,16,,,近地铁 | VR看装修 | 随时看房,https://dg.lianjia.com/ershoufang/105117963191.html
精装三房  业主诚心出售  一线江景  无抵押！,"金地城南艺境 , 道滘镇",3室2厅,97.31平米,西南,精装,33层 ,,塔楼,120 万,12332 元,2,,,VR看装修 | 房本满五年 | 随时看房,https://dg.lianjia.com/ershoufang/105117066143.html
全新装修 大莹楼上大三房 看房有钥匙,"东方国际星座 , 黄河中心",3室2厅,160.9平米,东南,精装,中楼层(共29层) ,,板塔结合,142 万,8826 元,1,,,VR看装修 | 随时看房,https://dg.lianjia.com/ershoufang/105121224014.html
万科物业 房子9成新 位置好拎包入住,"南部湾万科城 , 大宁",3室2厅,93.74平米,南,,低楼层(共34层) ,,板塔结合,165 万,17602 元,0,,7天以前发布,VR房源 | 房本满五年,https://dg.lianjia.com/ershoufang/105122500965.html
永和新村低楼层3房 业主在国外，诚意出售,"永和新村 , 石龙镇",3室2厅,90.96平米,北,简装,中楼层(共8层) ,,板塔结合,48 万,5278 元,0,,31天以前发布,VR看装修 | 房本满五年,https://dg.lianjia.com/ershoufang/105122252198.html
此房满五唯一，南向看花园，户型方正,"星城翠珑湾一期 , 松山湖",4室2厅,149.24平米,东南,毛坯,32层 ,,塔楼,460 万,30823 元,2,,,VR房源 | 房本满五年 | 随时看房,https://dg.lianjia.com/ershoufang/105117714572.html
业主诚意出售，无欠款，阳台看园林,"万科金域蓝湾 , 大朗镇",4室2厅,98.76平米,南,,低楼层(共18层) ,,塔楼,195 万,19745 元,0,,,VR看装修 | 房本满五年 | 随时看房,https://dg.lianjia.com/ershoufang/105122079844.html
格林小城通车库3房 朝南双阳台对流通风好,"金地格林小城 , 西平",3室1厅,117.11平米,西南,简装,中楼层(共11层) ,,板塔结合,208 万,17762 元,0,,,VR看装修 | 房本满五年 | 随时看房,https://dg.lianjia.com/ershoufang/105121747784.html
环境优美 户型方正 精装修 预约随时看房 产权清晰,"莞翠邨 , 石井",3室2厅,128平米,南 北,精装,高楼层(共28层) ,,塔楼,260 万,20313 元,0,,,VR房源,https://dg.lianjia.com/ershoufang/105119156879.html
"全新装修,没欠款,户型方正，朝向采光好","嘉富大厦 , 花园新村",2室2厅,65.35平米,南,精装,高楼层(共6层) ,,,34 万,5203 元,1,,,VR看装修 | 房本满两年 | 随时看房,https://dg.lianjia.com/ershoufang/105120112130.html
业主诚意出售 带自住装修 客厅出阳台 看花园，无欠款,"祥利花园 , 凤岗镇",3室2厅,82.56平米,南,精装,17层 ,,板塔结合,98 万,11871 元,5,,,VR房源 | 房本满两年,https://dg.lianjia.com/ershoufang/105121759873.html
御河湾花园 3室2厅 东南 西北,"御河湾花园 , 横沥镇",3室2厅,93.68平米,东南 西北,精装,高楼层(共32层) ,,板塔结合,112 万,11956 元,0,,,VR看装修 | 房本满五年 | 随时看房,https://dg.lianjia.com/ershoufang/105121397102.html
寮步丰泰城黄旗观邸自住3房保养好诚意出售,"丰泰黄旗观邸 , 寮步",3室1厅,96.36平米,西南,毛坯,中楼层(共24层) ,,塔楼,130 万,13492 元,0,,,VR看装修 | 房本满五年 | 随时看房,https://dg.lianjia.com/ershoufang/105120670954.html
恒大华府精装单间 业主诚意出售,"恒大华府 , 西城楼",1室1厅,58.43平米,南,精装,低楼层(共30层) ,,塔楼,34 万,5819 元,0,,31天以前发布,房本满两年 | 随时看房,https://dg.lianjia.com/ershoufang/105122253815.html
房子是满五唯一，没有欠款，业主目前自住，保养不错,"外滩一品 , 黄河中心",3室2厅,105.99平米,北,简装,高楼层(共24层) ,,塔楼,148 万,13964 元,0,,,VR看装修 | 房本满五年 | 随时看房,https://dg.lianjia.com/ershoufang/105122009693.html
御花苑 大平层 业主诚意出售  房子保养好,"御花苑 , 水濂山",4室1厅,187.97平米,南,精装,高楼层(共8层) ,,塔楼,380 万,20216 元,1,,,VR房源,https://dg.lianjia.com/ershoufang/105122249129.html
利丰时代三房出售，高层朝南向，看房方便,"利丰时代 , 东坑镇",3室2厅,95.98平米,南,精装,高楼层(共25层) ,,塔楼,87 万,9065 元,2,,,VR看装修 | 房本满五年 | 随时看房,https://dg.lianjia.com/ershoufang/105116554387.html
奥园城市天地3房复式45平米总价28万,"奥园城市天地 , 樟木头镇",3室1厅,44.6平米,东,精装,低楼层(共21层) ,,板塔结合,27 万,6054 元,1,,27天以前发布,随时看房,https://dg.lianjia.com/ershoufang/105122296879.html
莞城低总价2房   业主诚心出售,"榕树角大街 , 运河东",2室2厅,84平米,北,,高楼层(共8层) ,,板塔结合,52 万,6191 元,1,,19天以前发布,VR房源 | 房本满五年 | 随时看房,https://dg.lianjia.com/ershoufang/105122367868.html
隐贤山庄旁漂亮三房两卫朝南，业主接受行情大胆来问价,"山水雅居 , 常平镇",3室2厅,90.31平米,东南,精装,17层 ,,板塔结合,85 万,9413 元,0,,,VR看装修 | 房本满五年 | 随时看房,https://dg.lianjia.com/ershoufang/105121995399.html
万科精装3房，高层，朝花园，步行即可到香中,"万科东新翡翠松湖 , 寮步",3室2厅,93.56平米,东北,精装,高楼层(共32层) ,,塔楼,160 万,17102 元,0,,,VR看装修 | 房本满两年 | 随时看房,https://dg.lianjia.com/ershoufang/105120359629.html
次新小区 湖景小区 安静户型 诚意出售,"中惠松湖城三期 , 寮步",3室2厅,85.3平米,东北,精装,26层 ,,塔楼,121 万,14186 元,1,,,VR看装修 | 房本满五年 | 随时看房,https://dg.lianjia.com/ershoufang/105120743450.html
高楼层视野宽阔，采光通风良好，业主诚心出售,"保利心语花园 , 寮步",3室2厅,87.16平米,南,,高楼层(共13层) ,,塔楼,115 万,13195 元,0,,30天以前发布,VR房源 | 房本满五年,https://dg.lianjia.com/ershoufang/105122265038.html
万科花园 3室1厅 东北,"万科花园 , 虎门公园",3室1厅,75平米,东北,精装,中楼层(共34层) ,,板塔结合,112 万,14934 元,1,,13天以前发布,VR房源 | 随时看房,https://dg.lianjia.com/ershoufang/105122432934.html
电梯房户型方正实用好用，朝花园，保养好拎包可入住。,"东城中心 , 黄旗山",4室2厅,178.75平米,东北,精装,高楼层(共17层) ,,塔楼,250 万,13987 元,2,,,近地铁 | VR看装修 | 房本满五年,https://dg.lianjia.com/ershoufang/105119181568.html
东方国际星座 3室2厅 东南,"东方国际星座 , 黄河中心",3室2厅,160.9平米,东南,,高楼层(共29层) ,,板塔结合,178 万,11063 元,0,,27天以前发布,VR房源,https://dg.lianjia.com/ershoufang/105122303271.html
虎门太平广场花园 满五唯一 无欠款 看房方便,"太平广场花园 , 太平广场",2室2厅,83平米,东南,精装,中楼层(共32层) ,,塔楼,68 万,8193 元,1,,,VR看装修 | 房本满五年 | 随时看房,https://dg.lianjia.com/ershoufang/105121624458.html
塘厦新区 电梯高层2房 双阳台 满5年 业主急卖,"三正半山豪苑椰林园 , 塘厦镇",2室2厅,102平米,南,精装,高楼层(共9层) ,,塔楼,118 万,11569 元,2,,,VR房源 | 房本满五年 | 随时看房,https://dg.lianjia.com/ershoufang/105109153544.html
幸福派，毛坯，三房两卫，业主诚心出售,"幸福派 , 茶山镇",3室1厅,99.01平米,南,,高楼层(共26层) ,,板塔结合,85 万,8585 元,0,,,VR房源 | 房本满五年 | 随时看房,https://dg.lianjia.com/ershoufang/105115341015.html
地铁口物业，精装一房，全新装修，业主诚心出售,"卓越中寰 , 学院路",1室1厅,37.45平米,北,精装,10层 ,,板楼,35 万,9346 元,3,,,近地铁 | 房本满两年,https://dg.lianjia.com/ershoufang/105110762224.html
一手业主满5年唯一看房有钥匙，，,"香堤绿茵温莎堡 , 樟木头镇",4室2厅,137.43平米,南,毛坯,低楼层(共18层) ,,板塔结合,129 万,9387 元,0,,,VR房源 | 房本满五年 | 随时看房,https://dg.lianjia.com/ershoufang/105113577948.html
房子格局方正，看房方便，采光通风好，无遮挡,"中惠香樟绿洲 , 樟木头镇",3室2厅,112.04平米,东南,,17层 ,,塔楼,119 万,10622 元,0,,,VR看装修 | 随时看房,https://dg.lianjia.com/ershoufang/105119421872.html
爱都花园香港业主，一楼带平台二房，有匙看楼,"爱都花园 , 樟木头镇",2室2厅,58平米,南,,低楼层(共7层) ,,塔楼,20 万,3449 元,2,,,VR房源 | 房本满五年 | 随时看房,https://dg.lianjia.com/ershoufang/105121495790.html
寮步香市路花漫里南北对流双阳台4房,"鼎峰花漫里 , 寮步",4室2厅,116.19平米,南,精装,高楼层(共26层) ,,塔楼,195 万,16783 元,0,,,VR房源 | 房本满五年,https://dg.lianjia.com/ershoufang/105121144712.html
三区位置，全新的开发商交付标准！,"南部湾万科城 , 大宁",3室1厅,96.63平米,东南,精装,41层 ,,塔楼,172 万,17800 元,1,,29天以前发布,VR房源 | 房本满两年 | 随时看房,https://dg.lianjia.com/ershoufang/105122276832.html
万科云城  万科云城 高层朝南竖厅户型，视野开阔,"虎门万科云城 , 万达",3室2厅,90.93平米,南,,中楼层(共35层) ,,塔楼,198 万,21775 元,0,,,VR房源 | 房本满五年 | 随时看房,https://dg.lianjia.com/ershoufang/105122033832.html
悦诚豪园 4室2厅 东南,"悦诚豪园 , 石龙镇",4室2厅,130.29平米,东南,毛坯,中楼层(共30层) ,,塔楼,168 万,12895 元,0,,,VR看装修 | 随时看房,https://dg.lianjia.com/ershoufang/105119449257.html
横沥碧桂园大三房，南北对流双阳台，高楼层，无遮挡,"横沥碧桂园 , 横沥镇",3室2厅,122平米,南 北,精装,32层 ,,板塔结合,138 万,11312 元,0,,,VR看装修 | 房本满五年,https://dg.lianjia.com/ershoufang/105120805841.html
大润发旁 电梯精装3房 低楼层 配套齐全,"爱都花园 , 樟木头镇",3室2厅,77.97平米,南,精装,低楼层(共32层) ,,塔楼,38 万,4874 元,0,,,VR看装修 | 房本满两年,https://dg.lianjia.com/ershoufang/105121726827.html
厚街万达精致一房诚心出售，有钥匙，随时可以看房1,"万达御湖公馆 , 厚街镇",1室0厅,36平米,西北,精装,27层 ,,板塔结合,20 万,5556 元,0,,9天以前发布,近地铁 | 随时看房,https://dg.lianjia.com/ershoufang/105122480601.html
朝南一房！近地铁！位置很好！业主诚心出售！,"天诚康桥华苑 , 鸿福路口",1室1厅,50.58平米,南,,高楼层(共19层) ,,板楼,52 万,10281 元,4,,,VR看装修 | 房本满五年 | 随时看房,https://dg.lianjia.com/ershoufang/105113110175.html
高埗安联尚璟南北通双阳台四房，未入住过,"安联尚璟 , 高埗镇",4室2厅,125.66平米,东南,精装,中楼层(共26层) ,,板楼,165 万,13131 元,0,,,VR房源 | 房本满两年 | 随时看房,https://dg.lianjia.com/ershoufang/105121688291.html
万科中 央公园四房两卫全新未入住  中高楼层无欠款,"万科中央公园二期 , 大朗镇",4室2厅,120.48平米,东南,精装,34层 ,,板塔结合,255 万,21166 元,0,,,VR看装修 | 房本满五年 | 随时看房,https://dg.lianjia.com/ershoufang/105120678486.html
高楼层朝南 装修保养好 业主诚意出售,"中央财津 , 三元里",2室1厅,63.41平米,南,精装,26层 ,,板塔结合,76 万,11986 元,0,,,VR看装修 | 房本满五年 | 随时看房,https://dg.lianjia.com/ershoufang/105121474774.html
东城教育，小户型，住宅新世纪河畔广场电梯房,"新世纪河畔广场 , 花园新村",1室0厅,33平米,东南,,高楼层(共17层) ,,板塔结合,25 万,7576 元,0,,,VR看装修 | 随时看房,https://dg.lianjia.com/ershoufang/105122210880.html
阳光城大三房，带6米大阳台 中高楼层 全新未住过,"阳光城·愉景湾 , 石碣镇",3室2厅,99.3平米,南,精装,中楼层(共32层) ,,塔楼,120 万,12085 元,4,,,VR看装修 | 房本满五年 | 随时看房,https://dg.lianjia.com/ershoufang/105115722265.html
次新小区 房子户型通透朝南采光好 视野无遮挡，带装修,"海德琥珀台 , 火炼树",3室2厅,98.74平米,南,精装,低楼层(共31层) ,,塔楼,255 万,25826 元,2,,,VR看装修 | 房本满两年 | 随时看房,https://dg.lianjia.com/ershoufang/105119767296.html
水岸山城 精装大三房 三面采光 满五唯一,"水岸山城 , 凤岗镇",3室2厅,119.56平米,东南,简装,15层 ,,板塔结合,141.5 万,11836 元,0,,,VR看装修 | 房本满五年 | 随时看房,https://dg.lianjia.com/ershoufang/105121963300.html
人民公园旁全新精装房低楼层诚意出售,"东城岗贝市场 , 莞城",3室1厅,72.71平米,南,精装,中楼层(共7层) ,,塔楼,55 万,7565 元,5,,,VR看装修 | 房本满五年 | 随时看房,https://dg.lianjia.com/ershoufang/105118919260.html
环境优雅  带装修2房  户型好 安静舒适 好楼层好,"太港城 , 黄河中心",3室1厅,62.85平米,南,简装,中楼层(共9层) ,,板塔结合,45 万,7160 元,2,,,VR房源 | 房本满五年 | 随时看房,https://dg.lianjia.com/ershoufang/105116858952.html
佳兆业碧海云天 四期 精装修 一线海景 双阳台业主急售,"碧海云天 , 沙田镇",4室2厅,136.62平米,南,精装,中楼层(共32层) ,,,150 万,10980 元,1,,,VR看装修 | 房本满两年 | 随时看房,https://dg.lianjia.com/ershoufang/105118618786.html
花香十二院95平朝南高楼层业主急售！！！,"君丽花园 , 厚街镇",3室2厅,95.16平米,南,精装,高楼层(共28层) ,,板塔结合,130 万,13662 元,0,,30天以前发布,VR房源 | 房本满五年 | 随时看房,https://dg.lianjia.com/ershoufang/105122265499.html
皇马大四房，带入户花园，南向看小区园林，业主诚售,"万科皇马郦宫 , 火炼树",4室2厅,189.69平米,南,毛坯,中楼层(共26层) ,,塔楼,488 万,25727 元,6,,,VR房源 | 随时看房,https://dg.lianjia.com/ershoufang/105116326902.html
塘盛大厦 3房2卫 满五年 红本在手 配套成熟 出行便利,"塘盛大厦 , 塘厦镇",3室2厅,112.54平米,北,简装,6层 ,,塔楼,75 万,6665 元,1,,,VR看装修 | 房本满五年,https://dg.lianjia.com/ershoufang/105121486221.html
楼龄比较新业主精装修交付的 ，整体都比较新,"天悦中央广场 , 塘厦镇",3室2厅,95.26平米,南,精装,28层 ,,板塔结合,145 万,15222 元,0,,,VR看装修 | 房本满五年,https://dg.lianjia.com/ershoufang/105113945591.html
汇景城市中心 精装四房 南北通 双阳台,"汇景城市中心 , 樟木头镇",4室2厅,121.97平米,南 北,简装,中楼层(共25层) ,,板塔结合,160 万,13118 元,0,,,VR房源 | 随时看房,https://dg.lianjia.com/ershoufang/105121350790.html
阳光粤港标准一房一厅带60平院子 活动空间充足,"阳光粤港 , 横沥镇",1室1厅,56.25平米,东南,精装,11层 ,,板塔结合,45 万,8000 元,6,,,VR房源 | 房本满五年 | 随时看房,https://dg.lianjia.com/ershoufang/105107471333.html
全新装修未住过　业主去深圳发展　故出售,"丽城帝城苑 , 常平镇",3室2厅,92.73平米,西南,,高楼层(共7层) ,,板塔结合,49.9 万,5382 元,2,,,VR看装修 | 房本满五年 | 随时看房,https://dg.lianjia.com/ershoufang/105120845879.html
高楼层，视野好，全屋定制装修，横厅长阳台,"时代香海彼岸2期 , 道滘镇",4室2厅,121.23平米,东南,精装,高楼层(共24层) ,,板楼,159 万,13116 元,1,,,VR看装修 | 房本满两年 | 随时看房,https://dg.lianjia.com/ershoufang/105117358945.html
全新精装三房 户型方正 大社区居住舒适,"招商雍景湾 , 横沥镇",3室2厅,92.24平米,东南,精装,中楼层(共27层) ,,板塔结合,138 万,14961 元,0,,,VR看装修 | 房本满两年 | 随时看房,https://dg.lianjia.com/ershoufang/105120718053.html
太平广场花园95平3房业主诚意出售,"太平广场花园 , 太平广场",2室1厅,83平米,东南,简装,中楼层(共32层) ,,塔楼,68 万,8193 元,0,,,VR房源 | 房本满五年,https://dg.lianjia.com/ershoufang/105120826759.html
保利林语花园电梯三房两厅两卫，业主诚售,"保利林语花园 , 樟木头镇",3室2厅,123.86平米,南,精装,29层 ,,板塔结合,136 万,10981 元,4,,,VR看装修 | 房本满五年 | 随时看房,https://dg.lianjia.com/ershoufang/105118404640.html
南北通透大三房，满五唯一，户型方正,"虎门印象 , 万达",3室2厅,114.7平米,南 北,精装,低楼层(共32层) ,,塔楼,176 万,15345 元,0,,,VR看装修 | 房本满五年 | 随时看房,https://dg.lianjia.com/ershoufang/105122126032.html
地理位置好，楼层美丽环境优美适宜居住、物业管理完善,"虎门碧桂园一期 , 万达",3室2厅,94平米,南 北,精装,中楼层(共25层) ,,板塔结合,145 万,15426 元,0,,17天以前发布,VR房源 | 随时看房,https://dg.lianjia.com/ershoufang/105122382630.html
北栅碧桂园精装三房 满五唯一 中间楼层,"虎门碧桂园一期 , 万达",3室2厅,94平米,南 北,精装,中楼层(共26层) ,,板塔结合,150 万,15958 元,1,,,VR看装修 | 房本满五年,https://dg.lianjia.com/ershoufang/105121705417.html
东海城堡方正三房位置安静出行方便,"丰泰东海城堡 , 新联",3室2厅,98.16平米,东南 西北,简装,中楼层(共13层) ,,板塔结合,135 万,13754 元,1,,,VR看装修 | 房本满五年 | 随时看房,https://dg.lianjia.com/ershoufang/105121993414.html
虎门·君悦东方 3室2厅 西南,"虎门·君悦东方 , 太平广场",3室2厅,98.07平米,西南,精装,低楼层(共29层) ,,塔楼,210 万,21414 元,0,,,VR看装修 | 房本满两年 | 随时看房,https://dg.lianjia.com/ershoufang/105121729555.html
莞城英文就在楼下 满五为一大4房 不欠款,"聚福豪苑 , 东平街",4室2厅,162.74平米,北,简装,21层 ,,板塔结合,185 万,11368 元,1,,30天以前发布,VR房源 | 房本满五年,https://dg.lianjia.com/ershoufang/105122264355.html
黄河时装城大莹旁边电梯三房，业主诚意出售,"东方国际星座 , 黄河中心",3室2厅,124平米,西南,精装,中楼层(共29层) ,,板塔结合,110 万,8871 元,0,,,VR房源 | 房本满五年,https://dg.lianjia.com/ershoufang/105122157571.html
万科边位别墅全屋轻奢风装修，刚装修入住不到两月,"万科花园 , 虎门公园",5室2厅,152.66平米,南 北,精装,3层 ,,板塔结合,850 万,55680 元,0,,,VR房源 | 房本满五年 | 随时看房,https://dg.lianjia.com/ershoufang/105121264342.html
爱都花园电梯两房，刚需住房，衣食住行方便,"爱都花园 , 樟木头镇",2室2厅,63.71平米,东南,精装,低楼层(共32层) ,,塔楼,25.8 万,4050 元,0,,18天以前发布,VR房源 | 随时看房,https://dg.lianjia.com/ershoufang/105122373965.html
万辉花园单边位  带大花园 精装修，拎包入住,"万辉花园 , 樟木头镇",地下室(共7层) ,81.13平米,南,,地下室(共7层) ,,板楼,110 万,13559 元,0,,7天以前发布,VR房源 | 房本满两年 | 随时看房,https://dg.lianjia.com/ershoufang/105122500601.html
铭可达商住中心 1室1厅 东北,"铭可达商住中心 , 八达路",1室1厅,27.01平米,东北,精装,高楼层(共29层) ,,塔楼,60 万,22214 元,0,,,VR房源 | 房本满五年 | 随时看房,https://dg.lianjia.com/ershoufang/105119932387.html
看中价格可以谈 横沥碧桂园中高层的电梯3房 出售,"横沥碧桂园 , 横沥镇",3室2厅,91.75平米,东南,简装,19层 ,,板塔结合,110 万,11990 元,3,,,VR房源 | 房本满五年 | 随时看房,https://dg.lianjia.com/ershoufang/105120252501.html
新世纪颐龙湾五期 南北通透双阳台 通风效果好,"新世纪颐龙湾 , 高埗镇",3室2厅,107.74平米,南 北,毛坯,低楼层(共21层) ,,板塔结合,115 万,10674 元,0,,,VR看装修 | 房本满两年 | 随时看房,https://dg.lianjia.com/ershoufang/105121260055.html
新城区沃尔玛旁边小三房 正南向 户型方正实用率高,"卓越大厦 , 石龙镇",3室2厅,94.17平米,南,精装,高楼层(共25层) ,,板塔结合,83 万,8814 元,1,,,VR看装修 | 房本满五年 | 随时看房,https://dg.lianjia.com/ershoufang/105117056159.html
万科第五城中低层看园林小区，安静舒适,"万科第五城 , 高埗镇",4室2厅,115.71平米,南 北,精装,32层 ,,板楼,162 万,14001 元,1,,,VR房源 | 房本满两年,https://dg.lianjia.com/ershoufang/105121530210.html
卓越中寰 2室1厅 东,"卓越中寰 , 学院路",2室1厅,35.25平米,东,精装,22层 ,,塔楼,39 万,11064 元,0,,,近地铁 | 随时看房,https://dg.lianjia.com/ershoufang/105122207804.html
CBD大社区园林三房看花园，安静采光好，满五唯一,"石竹新花园 , 石竹",3室2厅,108平米,西北,精装,高楼层(共16层) ,,板塔结合,175 万,16204 元,0,,,近地铁 | VR看装修 | 房本满五年,https://dg.lianjia.com/ershoufang/105121618865.html
塘厦御城花园 高层毛坯 三房 诚售,"御城花园 , 塘厦镇",3室2厅,96.78平米,南,毛坯,31层 ,,板塔结合,137 万,14156 元,1,,,VR看装修 | 房本满五年 | 随时看房,https://dg.lianjia.com/ershoufang/105118810720.html
新上精装好房，保养新，南北对流、拎包入住,"海伦湾 , 石龙镇",3室2厅,109.8平米,南 北,简装,高楼层(共28层) ,,板塔结合,105 万,9563 元,0,,28天以前发布,VR房源 | 随时看房,https://dg.lianjia.com/ershoufang/105122294568.html
户型方正，格局好，无遮挡。适合老人小孩居住,"永江花园香溪 , 凤岗镇",4室2厅,147.5平米,东南,毛坯,18层 ,,板塔结合,207 万,14034 元,0,,,VR看装修 | 房本满五年 | 随时看房,https://dg.lianjia.com/ershoufang/105120183507.html
中间楼层  朝南向 精装修 诚心出售,"天悦中央广场 , 塘厦镇",3室2厅,98.72平米,南,精装,28层 ,,板塔结合,152 万,15398 元,0,,,VR看装修 | 房本满两年 | 随时看房,https://dg.lianjia.com/ershoufang/105121285093.html
松湖传奇二期 湖畔花园左岸 中层三房 价格美丽,"万科松湖传奇二期左岸 , 寮步",3室1厅,73.18平米,东北,精装,中楼层(共19层) ,,塔楼,92.6 万,12654 元,1,,,VR看装修 | 房本满五年 | 随时看房,https://dg.lianjia.com/ershoufang/105120046694.html
房子装修风格是自住的一个装修标准,"中央豪庭 , 凤岗镇",1室1厅,52.93平米,南,精装,16层 ,,板塔结合,60 万,11336 元,0,,,VR看装修 | 房本满五年,https://dg.lianjia.com/ershoufang/105117449893.html
